0,49,59,69,72,70,67,60,55,52,51,49,47,45,45,46,47,55,57,61,64,70,70,70,70,71,71,73,74,72,73,73,74,69,63,51,42,33,30,27,29,33,36,40,44,52,54,56,58,65,61,55,51,48,47,46,45,42,42,46,48,53,51,50,49,45,46,49,51,55,53,49,45,39,39,40,41,41,44,49,53,58,60,65,69,71,71,73,74,73,73,74,75,77,80,84,88,86,87,88,89,91,91,91,91,90,90,90,90,90,91,92,93,98,98,98,98,100,100,100,100,101,100,97,97,97,97,96,95,94,95,96,97,101,101,101,101,99,96,93,95,93,92,91,89,90,89,88,87,85,82,81,84,83,83,83,83,87,87,87,87,87,88,89,90,90,90,90,90,90,90,90,90,91,91,91,91,89,89,89,89,87,86,85,84,80,79,78,77,77,77,77,77,79,79,81,82,83,83,83,83,86,87,88,89,92,92,90,89,90,90,90,90,89,88,86,86,86,86,86,86,87,87,87,87,85,85,85,85,86,87,87,87,90,88,85,84,81,81,81,81,79,79,79,79,76,76,76,76,78,81,83,85,92,92,93,95,95,95,95,95,97,98,99,100,102,103,104,105,107,108,109,110,113,113,113,113,110,110,110,110,113,113,113,113,113,113,113,113,114,114,114,114,116,116,118,119,119,120,120,121,118,117,116,115,118,117,116,115,110,108,106,104,99,100,101,102,105,108,112,115,114,114,114,114,112,114,117,119,123,122,120,118,116,115,114,113,113,112,111,110,109,109,107,106,106,106,106,106,105,104,101,99,96,96,96,96,99,100,101,102,100,99,98,97,100,99,98,97,96,95,94,93,94,97,99,97,99,98,94,86,82,82,83,83,82,82,84,85,88,87,85,84,82,82,83,83,82,82,80,79,78,80,84,88,88,91,93,91,91,91,91,91,91,92,92,89,80,79,78,78,77,76,74,73,72,72
1,46,56,65,67,63,61,56,52,50,49,48,47,47,48,49,51,58,60,64,67,71,71,71,71,71,72,73,75,73,73,73,73,69,63,52,44,37,33,31,32,40,42,46,49,55,57,59,62,64,61,56,51,49,48,47,46,43,43,47,49,53,52,52,51,50,52,55,57,59,57,53,49,42,43,45,46,49,51,55,58,58,60,64,67,69,70,71,72,72,73,74,76,78,80,84,87,86,87,88,89,91,91,91,91,90,90,90,90,90,91,92,93,98,98,98,98,99,99,99,99,99,99,97,97,97,97,96,95,94,95,96,97,100,100,100,100,97,94,92,93,92,92,91,90,90,89,88,87,85,82,81,84,83,83,83,83,86,86,86,86,86,87,88,89,90,90,90,90,90,90,90,90,90,90,90,90,89,89,89,89,87,86,85,84,80,79,78,77,78,78,78,78,79,80,81,83,84,84,84,84,86,87,88,89,92,91,90,88,89,89,89,89,89,88,86,86,85,85,85,85,86,86,86,86,85,85,85,85,85,86,86,86,88,87,83,82,80,80,80,80,78,78,78,78,75,75,75,75,78,80,83,84,90,91,92,93,94,94,94,94,96,97,98,99,101,102,103,104,107,108,109,110,113,113,113,113,111,111,111,111,113,113,113,113,113,113,113,113,114,114,114,114,116,117,118,120,120,120,120,120,117,116,115,113,116,115,114,112,107,105,103,100,98,99,100,101,104,106,110,113,116,116,116,116,114,116,118,121,122,122,121,120,117,116,115,114,113,112,111,110,109,108,107,105,105,105,105,105,104,103,100,98,96,96,96,96,99,100,101,102,101,100,99,98,100,99,98,97,96,95,94,93,93,97,99,98,99,98,95,88,81,80,80,80,80,81,82,83,86,86,85,84,81,80,80,80,82,81,80,78,76,78,82,85,87,91,93,92,91,91,91,91,90,92,91,88,79,78,77,75,77,76,75,75,71,71
2,41,50,59,59,55,54,52,50,49,50,50,50,50,52,55,58,63,65,69,73,72,72,72,72,73,73,75,76,75,74,73,71,68,63,54,46,43,40,38,39,48,49,52,54,58,59,62,64,62,60,56,53,50,49,48,47,44,44,48,50,54,54,55,55,57,58,61,63,63,60,56,53,48,50,53,55,61,61,62,62,59,60,62,64,67,67,69,70,70,72,75,77,80,81,84,86,86,87,88,89,91,91,91,91,90,90,90,90,90,91,92,93,98,98,98,98,98,98,98,98,96,96,97,97,97,97,96,95,94,95,96,97,97,97,97,97,95,92,89,91,91,91,91,91,90,89,88,87,85,82,81,84,83,83,83,83,85,85,85,85,85,86,87,88,90,90,90,90,90,90,90,90,89,89,89,89,89,89,89,89,87,86,85,84,80,79,78,77,79,79,79,79,81,81,83,84,85,85,85,85,86,87,88,89,90,90,88,87,88,88,88,88,89,88,86,86,84,84,84,84,83,83,83,83,85,85,85,85,85,85,85,85,86,84,81,79,77,77,77,77,75,75,75,75,74,74,74,74,76,79,81,83,88,88,89,91,93,93,93,93,95,96,97,98,100,101,102,103,107,108,109,110,113,113,113,113,112,112,112,112,113,113,113,113,113,113,113,113,114,114,114,114,118,118,120,121,122,121,120,118,114,113,112,111,112,111,110,108,104,103,100,98,97,98,99,100,101,103,107,111,115,115,115,115,114,115,118,120,122,122,122,123,118,117,116,115,113,112,111,110,107,107,105,104,104,104,104,104,103,102,99,97,96,96,96,96,99,100,101,102,102,101,100,99,100,99,98,97,96,95,94,93,91,96,100,100,98,99,96,91,81,80,79,77,78,78,80,81,83,83,84,84,81,80,79,77,80,80,78,77,72,74,78,81,85,90,94,94,91,91,91,91,89,90,90,86,78,77,74,71,74,74,74,74,70,70
3,37,45,53,52,51,51,51,52,53,54,55,56,53,56,60,64,68,70,74,77,73,73,73,73,74,74,76,77,77,75,72,70,68,63,55,49,49,46,43,45,52,52,53,54,56,58,60,63,60,59,56,54,51,50,49,48,45,46,49,51,55,56,57,59,59,60,63,65,62,60,56,53,53,56,60,63,67,66,64,63,59,60,61,62,64,65,66,68,68,71,75,79,82,82,83,84,86,87,88,89,91,91,91,91,90,90,90,90,90,91,92,93,98,98,98,98,97,97,97,97,93,94,96,97,98,97,96,95,94,95,96,97,95,95,95,95,93,89,87,88,89,90,91,93,90,89,88,87,85,82,81,84,83,83,83,83,84,84,84,84,84,85,86,87,90,90,90,90,90,90,90,90,88,88,88,88,89,89,89,89,87,86,85,84,80,79,78,77,80,80,80,80,82,82,84,85,86,86,86,86,86,87,88,89,89,89,87,86,87,87,87,87,89,88,86,86,83,83,83,83,81,81,81,81,85,85,85,85,84,84,84,84,84,82,78,77,75,75,75,75,73,73,73,73,73,73,73,73,75,78,80,81,85,86,87,89,92,92,92,92,94,95,96,97,99,100,101,102,107,108,109,110,113,113,113,113,113,113,113,113,113,113,113,113,113,113,113,113,114,114,114,114,119,119,121,122,124,122,119,117,112,111,110,109,108,108,106,105,106,104,102,99,96,97,98,99,99,101,105,108,112,112,112,112,110,112,114,117,121,122,124,125,119,118,117,116,113,112,111,110,106,106,104,103,103,103,103,103,102,100,98,96,96,96,96,96,99,100,101,102,103,102,101,100,100,99,98,97,96,95,94,93,90,95,100,101,98,99,98,93,86,84,81,79,75,76,77,79,80,81,83,84,86,84,81,79,79,79,77,76,68,71,75,78,84,89,94,95,91,91,91,91,87,89,89,85,78,75,71,67,67,68,70,71,69,69
4,39,44,49,50,49,52,57,60,62,62,63,63,58,60,64,67,75,76,77,79,76,74,73,75,74,74,74,74,75,74,70,67,62,58,52,48,46,46,46,46,46,48,52,55,55,58,61,60,57,57,55,54,50,50,50,50,47,48,52,55,56,56,56,56,58,60,61,59,56,56,56,55,58,62,65,65,68,66,64,62,58,58,58,57,62,63,65,67,71,73,78,81,84,84,84,84,88,88,88,88,90,90,90,90,91,91,91,91,89,90,91,92,96,96,96,96,94,94,94,94,96,96,96,96,97,98,96,95,92,95,98,96,94,94,92,91,87,84,83,85,87,90,92,90,91,91,91,91,87,87,85,84,84,84,84,84,86,85,84,83,84,85,86,87,89,89,89,89,90,89,88,87,86,86,86,86,88,88,88,88,89,89,87,86,83,82,81,80,81,81,81,81,84,85,86,87,89,89,89,89,87,88,89,90,90,90,90,90,89,89,87,86,86,86,86,86,85,84,83,82,79,79,79,79,81,81,83,84,83,83,81,80,79,79,77,76,73,71,71,70,74,72,70,68,67,68,69,70,72,75,79,81,83,84,85,86,87,88,89,90,93,94,95,96,97,98,101,103,106,107,108,109,112,112,112,112,112,113,114,115,116,116,116,116,117,116,115,114,114,114,114,114,119,120,122,123,125,123,119,116,110,109,108,106,107,106,104,103,102,101,100,99,96,96,96,96,97,98,101,103,107,107,107,107,109,107,109,114,117,118,121,123,122,121,120,119,115,114,113,112,107,106,103,101,101,101,99,98,97,97,97,97,93,94,95,96,99,100,101,102,100,100,100,100,99,99,99,99,97,96,95,94,92,91,93,98,98,97,97,96,94,91,87,83,81,79,76,74,78,80,83,86,84,84,82,81,79,78,77,76,69,68,71,77,84,89,94,95,90,90,90,90,89,88,87,86,79,76,72,68,62,63,65,67,64,64
5,42,47,52,53,54,56,60,63,66,66,66,65,62,64,68,71,77,78,79,80,75,72,71,74,75,75,75,75,74,71,67,63,57,55,50,45,45,45,45,45,46,48,52,55,56,59,61,59,57,56,55,53,51,51,51,51,49,49,53,55,55,55,55,55,56,59,60,57,55,55,55,55,59,63,67,67,66,65,62,60,57,57,57,57,62,64,67,69,73,75,79,82,85,85,85,85,88,88,88,88,90,90,90,90,90,90,90,90,89,90,91,92,96,96,96,96,94,94,94,94,96,96,96,96,97,97,96,94,91,95,97,96,94,93,92,90,86,83,82,85,86,90,92,91,92,92,92,92,89,88,87,86,85,85,85,85,86,85,84,83,83,84,85,86,88,88,88,88,89,88,87,85,85,85,85,85,87,87,87,87,89,88,87,85,83,82,81,80,81,81,81,81,84,85,86,87,88,88,88,88,87,88,89,90,91,91,91,91,91,90,89,88,87,87,87,87,85,84,83,82,79,79,79,79,80,80,82,83,83,82,81,79,79,78,76,75,73,71,71,70,72,71,68,66,66,67,68,69,72,75,79,81,83,84,85,86,87,88,89,90,92,93,94,95,97,98,101,103,106,107,108,109,112,112,112,112,112,113,114,115,116,116,116,116,117,116,115,114,113,113,113,113,117,118,119,120,122,120,116,113,107,106,105,103,105,105,104,103,103,102,101,100,97,97,97,97,97,98,101,103,106,106,106,106,106,105,107,112,114,116,119,121,121,120,119,117,115,114,113,112,107,106,103,101,101,100,99,97,96,96,96,96,93,94,95,96,98,99,100,101,100,100,100,100,98,98,98,98,97,96,95,94,91,89,91,95,98,98,99,99,95,93,89,86,84,82,79,77,77,79,81,83,84,83,82,80,79,78,77,76,70,69,70,74,81,86,91,92,92,92,92,92,90,89,88,87,81,79,75,72,68,66,64,61,60,60
6,47,52,57,58,63,64,66,68,70,69,68,66,65,68,72,75,79,79,78,78,72,70,69,71,73,73,73,73,70,67,61,56,50,48,45,42,42,42,42,42,46,48,52,55,58,60,61,58,55,55,53,52,52,52,52,52,52,52,54,54,54,54,54,54,54,56,57,55,51,52,54,56,59,63,67,67,64,62,60,57,53,54,56,58,63,65,70,74,78,79,81,83,86,86,86,86,88,88,88,88,90,90,90,90,89,89,89,89,89,90,91,92,96,96,96,96,94,94,94,94,96,96,96,96,96,96,94,93,90,93,96,94,92,92,90,89,84,82,81,83,84,89,93,93,93,93,93,93,91,91,89,88,88,88,88,88,86,85,84,83,82,83,84,85,87,87,87,87,86,85,84,83,82,82,82,82,86,86,86,86,87,87,85,84,83,82,81,80,81,81,81,81,84,85,86,87,87,87,87,87,87,88,89,90,92,92,92,92,93,93,91,90,88,88,88,88,85,84,83,82,79,79,79,79,79,79,81,82,81,81,79,78,77,77,75,74,73,71,71,70,70,68,66,63,65,66,67,68,72,75,79,81,83,84,85,86,87,88,89,90,91,92,93,94,97,98,101,103,106,107,108,109,112,112,112,112,112,113,114,115,116,116,116,116,117,116,115,114,112,112,112,112,113,114,115,116,117,115,111,107,101,101,99,98,102,102,103,103,104,103,102,101,98,98,98,98,97,98,101,103,103,103,103,103,102,101,103,108,111,112,115,117,118,117,116,115,115,114,113,112,107,106,103,101,99,99,97,96,95,95,95,95,93,94,95,96,97,98,99,100,100,100,100,100,97,97,97,97,97,96,95,94,89,87,86,90,96,97,99,100,97,96,93,91,89,87,85,82,79,80,81,82,82,82,80,79,79,78,77,76,72,69,68,70,76,80,85,86,91,91,91,91,91,90,89,88,84,83,81,79,76,72,65,60,58,58
7,52,57,62,63,70,71,72,73,70,69,66,64,65,67,71,75,77,76,74,73,70,67,66,69,68,68,68,68,66,63,56,51,44,43,40,38,40,40,40,40,46,48,52,55,59,61,60,57,54,54,52,51,53,53,53,53,55,55,54,54,53,53,53,53,51,54,55,52,49,50,53,56,56,60,63,63,62,60,57,55,51,52,55,58,64,67,72,77,82,82,83,84,87,87,87,87,88,88,88,88,90,90,90,90,88,88,88,88,89,90,91,92,96,96,96,96,94,94,94,94,96,96,96,96,95,95,93,92,89,92,95,93,91,91,89,88,83,81,80,82,83,88,93,94,94,94,94,94,94,93,92,90,90,90,90,90,86,85,84,83,81,82,83,84,86,86,86,86,84,83,82,81,80,80,80,80,85,85,85,85,86,86,84,83,83,82,81,80,81,81,81,81,84,85,86,87,86,86,86,86,87,88,89,90,93,93,93,93,96,95,94,92,89,89,89,89,85,84,83,82,79,79,79,79,78,78,80,81,80,80,78,77,76,76,74,73,73,71,71,70,68,66,63,61,64,65,66,67,72,75,79,81,83,84,85,86,87,88,89,90,90,91,92,93,97,98,101,103,106,107,108,109,112,112,112,112,112,113,114,115,116,116,116,116,117,116,115,114,111,111,111,111,110,111,112,113,112,110,106,103,97,96,95,94,99,100,102,103,105,104,103,102,99,99,99,99,97,98,101,103,101,101,101,101,99,98,99,104,107,109,111,114,116,115,114,113,115,114,113,112,107,106,103,101,98,98,96,95,94,94,94,94,93,94,95,96,96,97,98,99,100,100,100,100,96,96,96,96,97,96,95,94,87,84,83,85,91,93,96,98,99,98,97,96,93,92,89,87,85,84,84,84,81,81,79,78,79,78,77,76,74,70,66,66,71,76,81,82,88,88,88,88,92,91,90,89,87,87,86,85,81,78,72,66,59,59
8,58,63,69,70,76,75,74,74,69,68,67,66,65,67,70,73,73,72,71,69,63,63,63,63,64,63,62,61,58,57,52,49,42,41,40,39,41,41,42,43,47,50,56,60,63,62,61,60,56,55,54,53,55,55,55,55,55,55,54,53,52,51,50,49,50,50,50,50,50,51,52,53,56,57,58,59,56,56,56,56,54,56,58,60,67,73,80,82,85,85,85,85,85,85,85,85,87,87,87,87,89,89,89,89,86,86,86,86,87,87,91,93,95,95,95,95,94,94,94,94,96,96,96,96,94,93,90,88,88,89,92,94,94,92,88,85,81,78,77,80,81,85,91,95,97,97,97,97,97,96,93,91,90,90,90,90,84,84,82,81,79,80,81,82,83,83,83,83,82,81,80,79,78,79,80,81,83,83,83,83,86,86,84,83,80,80,80,80,78,78,78,78,81,81,81,81,84,83,81,79,84,85,88,90,92,93,94,95,94,94,94,94,94,93,91,91,89,87,85,82,79,78,77,76,78,78,78,78,78,77,76,74,74,74,74,74,71,70,69,68,66,65,62,60,62,63,66,68,72,75,79,81,84,85,86,87,89,89,89,89,89,90,91,92,94,96,101,104,106,107,108,108,108,108,108,108,110,111,113,115,115,115,115,115,115,115,113,112,110,109,108,107,107,107,107,107,107,105,102,99,99,99,99,99,101,102,103,104,105,105,105,105,101,101,101,101,97,101,105,104,105,104,103,102,99,96,95,98,101,103,107,110,112,112,110,109,109,109,107,106,104,104,102,101,95,95,95,95,92,92,92,92,94,94,94,94,92,92,90,89,93,93,95,96,94,94,94,94,96,96,96,96,89,86,84,86,88,90,92,94,98,98,99,100,100,99,93,85,91,90,87,85,87,84,80,77,72,72,73,73,72,70,67,64,67,70,74,78,79,80,83,85,87,87,87,87,86,88,91,93,88,87,82,75,67,66
9,64,69,74,74,75,74,73,71,68,67,66,64,65,66,69,71,70,69,68,66,62,62,62,62,62,61,60,58,56,55,51,48,42,41,40,39,40,41,42,44,48,51,56,61,63,62,61,60,57,56,55,54,56,56,56,56,55,55,54,53,52,50,50,48,49,49,49,49,49,50,51,52,55,56,57,58,57,57,57,57,56,57,60,62,69,74,80,82,85,85,85,85,85,85,85,85,86,86,86,86,88,88,88,88,86,86,86,86,87,87,91,93,94,94,94,94,93,93,93,93,95,95,95,95,93,92,89,87,88,89,92,94,94,92,88,85,81,78,77,80,82,85,90,95,96,96,96,96,96,95,92,90,89,89,89,89,84,83,82,80,78,79,80,81,82,82,82,82,82,81,80,79,78,79,80,81,83,83,83,83,86,85,84,82,80,80,80,80,78,78,78,78,80,80,80,80,81,81,80,79,84,85,88,90,92,93,94,95,94,94,94,94,95,94,92,92,89,88,85,83,80,78,78,77,78,78,78,78,78,77,76,74,74,74,74,74,72,70,70,69,66,65,62,60,62,63,66,68,72,75,79,81,84,85,86,87,89,89,89,89,89,90,91,92,93,95,99,102,104,105,106,108,108,108,108,108,111,111,112,113,114,114,114,114,115,114,113,111,110,109,108,107,106,106,106,106,105,104,101,99,100,100,100,100,102,103,104,106,106,106,106,106,102,102,102,102,98,102,106,105,106,105,104,103,99,96,95,98,101,103,107,110,112,111,110,108,109,108,107,105,104,103,102,100,95,95,95,95,93,93,93,93,94,94,94,94,92,91,90,88,91,92,93,94,94,94,94,94,96,96,96,96,90,86,84,85,87,88,91,93,96,97,98,100,105,105,101,95,94,92,89,87,85,83,79,76,70,69,69,69,69,68,65,63,66,68,72,75,76,78,81,83,86,86,86,86,88,90,92,95,91,90,86,79,70,69
10,71,75,78,78,74,73,70,67,65,64,63,62,64,65,66,66,64,64,62,61,59,59,59,59,58,57,56,54,52,51,49,47,42,41,40,39,38,40,43,45,49,52,58,62,63,62,61,60,58,57,56,55,57,57,57,57,55,55,54,53,50,49,48,47,48,48,48,48,48,49,50,51,54,55,56,57,58,58,58,58,58,60,62,65,72,76,81,82,85,85,85,85,85,85,85,85,85,85,85,85,87,87,87,87,86,86,86,86,87,87,91,93,93,93,93,93,92,92,92,92,92,92,92,92,92,91,88,86,88,89,92,94,94,92,88,85,81,78,77,80,84,86,90,93,95,95,95,95,95,94,91,89,88,88,88,88,82,82,80,79,77,78,79,80,81,81,81,81,82,81,80,79,78,79,80,81,83,83,83,83,84,84,82,81,80,80,80,80,78,78,78,78,77,77,77,77,77,77,77,78,84,85,88,90,92,93,94,95,94,94,94,94,96,95,93,93,91,89,87,84,81,80,79,78,78,78,78,78,78,77,76,74,74,74,74,74,73,72,71,70,66,65,62,60,62,63,66,68,72,75,79,81,84,85,86,87,89,89,89,89,89,90,91,92,92,94,96,98,99,101,104,107,108,108,108,108,111,111,111,110,113,113,113,113,113,113,111,110,110,109,108,107,105,105,105,105,102,101,100,100,101,101,101,101,105,106,107,108,107,107,107,107,103,103,103,103,99,103,107,107,107,106,105,104,99,96,95,98,101,103,107,110,110,110,108,107,107,107,105,104,102,102,100,99,95,95,95,95,94,94,94,94,94,94,94,94,90,90,88,87,89,89,91,92,94,94,94,94,96,96,96,96,92,87,83,83,84,85,88,90,93,94,97,100,107,109,108,104,97,96,93,91,87,85,81,77,69,68,66,65,65,64,63,62,64,65,68,70,73,74,77,79,83,83,83,83,88,89,92,94,92,93,90,85,75,74
11,73,77,79,77,74,71,67,63,63,62,61,60,63,63,63,63,60,59,58,57,57,57,57,57,54,54,52,51,48,48,47,46,42,41,40,39,36,39,43,47,51,54,59,63,63,62,61,60,59,58,57,56,58,58,58,58,55,55,54,53,49,48,47,46,47,47,47,47,47,48,49,50,53,54,55,56,59,59,59,59,60,62,65,67,75,78,82,81,85,85,85,85,85,85,85,85,84,84,84,84,86,86,86,86,86,86,86,86,87,87,91,93,92,92,92,92,91,91,91,91,90,90,90,90,90,89,87,85,88,89,92,94,94,92,88,85,81,78,77,80,86,87,90,92,94,94,94,94,94,92,90,88,87,87,87,87,81,81,79,78,76,77,78,79,80,80,80,80,82,81,80,79,78,79,80,81,83,83,83,83,83,83,81,80,80,80,80,80,78,78,78,78,75,75,75,75,73,74,75,77,84,85,88,90,92,93,94,95,94,94,94,94,97,96,94,94,92,90,88,86,82,81,80,79,78,78,78,78,78,77,76,74,74,74,74,74,74,73,72,71,66,65,62,60,62,63,66,68,72,75,79,81,84,85,86,87,89,89,89,89,89,90,91,92,92,92,93,94,96,98,102,106,108,108,108,108,112,111,109,108,112,112,112,112,112,112,110,109,110,109,108,107,104,104,104,104,99,99,100,100,102,102,102,102,107,108,109,110,108,108,108,108,104,104,104,104,100,104,108,108,108,107,106,105,99,96,95,98,101,103,107,110,109,109,107,106,106,106,104,103,101,101,99,98,95,95,95,95,95,95,95,95,94,94,94,94,89,89,87,86,86,87,88,90,94,94,94,94,96,96,96,96,93,88,83,82,82,83,86,88,90,92,97,100,103,105,107,105,101,99,97,94,92,90,86,82,72,70,68,65,61,61,61,61,62,63,64,65,69,71,73,76,81,81,81,81,84,86,88,91,91,92,90,86,80,79
12,76,78,78,75,66,66,64,63,59,58,57,57,61,57,53,53,51,51,52,53,54,55,56,57,54,53,51,49,47,46,45,44,38,38,38,38,39,41,43,45,49,54,59,60,59,59,59,59,60,60,60,60,60,60,58,57,57,55,51,48,46,46,46,46,47,47,47,47,49,49,49,49,50,52,54,57,60,60,60,60,63,65,67,69,75,77,79,81,83,83,83,83,83,83,83,83,84,84,84,84,87,86,84,82,82,83,84,85,88,88,90,91,92,91,90,89,87,87,87,87,87,87,87,87,86,86,86,86,85,88,90,89,89,87,86,89,81,80,80,83,88,87,83,79,78,86,93,91,92,91,90,89,87,86,85,84,82,80,76,73,74,75,76,77,79,79,81,82,82,81,78,76,74,76,78,81,82,82,82,82,80,80,80,80,77,77,77,77,77,77,77,77,74,74,74,74,71,74,78,81,85,87,89,91,95,95,95,95,93,93,93,93,96,96,96,96,92,91,90,89,84,82,80,78,78,78,77,76,74,74,74,74,73,73,73,73,75,75,75,75,70,68,66,64,67,67,69,70,72,76,80,83,84,85,87,90,90,90,92,93,93,92,91,90,92,92,92,92,93,95,97,99,107,107,106,106,108,108,108,108,109,109,109,109,109,109,109,109,107,107,107,107,106,105,104,103,101,101,103,104,106,106,107,108,113,113,113,114,112,112,110,109,108,107,106,105,104,108,111,111,110,108,106,103,97,94,93,96,100,102,106,109,110,109,108,107,104,103,102,101,98,98,98,98,97,97,97,97,99,98,97,96,97,97,95,94,90,88,86,83,86,87,88,90,92,93,94,95,98,97,96,95,91,89,85,82,84,85,88,90,90,91,92,94,99,100,102,103,100,100,100,100,99,96,92,88,80,77,70,64,59,59,59,60,59,60,63,65,69,70,73,75,77,78,79,80,80,82,87,90,87,87,87,87,81,81
13,75,77,76,72,66,65,64,62,61,60,58,57,56,52,48,49,47,48,49,51,53,54,55,56,54,52,49,47,45,45,44,42,37,37,37,37,38,39,42,44,47,52,57,58,58,58,58,58,59,59,59,59,60,59,58,56,55,54,50,47,45,45,45,45,46,46,46,46,48,48,48,48,50,51,54,56,59,59,59,59,62,63,66,68,74,75,78,80,82,82,82,82,82,82,82,82,83,83,83,83,84,84,83,82,81,82,83,84,86,86,88,89,90,90,89,87,86,86,86,86,86,86,86,86,85,85,85,85,85,88,93,98,98,93,87,86,82,80,81,84,87,85,78,69,68,75,86,92,92,91,90,89,85,84,83,82,83,81,77,74,74,75,76,77,79,80,81,83,81,80,77,75,74,75,78,80,81,81,81,81,79,79,79,79,77,77,77,77,77,77,77,77,72,72,72,72,73,75,79,82,87,88,91,93,95,95,95,95,93,93,93,93,95,95,95,95,92,91,90,89,84,82,80,78,78,78,77,76,74,74,74,74,74,74,74,74,76,76,76,76,71,70,67,65,67,68,69,71,73,76,80,82,84,85,87,90,90,91,92,94,94,93,92,91,91,91,91,91,92,93,96,98,105,105,105,105,107,107,107,107,108,108,108,108,108,108,108,108,107,107,107,107,106,105,104,103,101,102,103,105,109,110,111,113,114,114,114,114,112,111,110,108,108,107,106,105,104,108,111,111,110,109,106,104,97,94,93,96,99,101,105,108,110,109,108,107,104,103,102,101,98,98,98,98,98,98,98,98,99,98,97,96,97,96,95,93,90,89,86,84,85,85,87,88,92,93,94,95,98,97,96,95,91,89,85,82,84,85,88,90,91,91,92,93,97,98,99,100,99,99,99,99,98,96,92,89,83,79,72,67,60,60,60,60,59,60,63,65,69,70,73,75,76,77,78,79,79,81,85,88,85,85,85,85,81,81
14,74,75,73,68,64,64,62,61,61,59,56,54,48,44,40,41,40,41,44,47,52,53,54,55,53,51,46,42,43,42,41,40,34,34,34,34,35,36,39,41,43,48,53,54,55,55,55,55,58,58,58,58,58,58,56,55,53,51,47,44,42,42,42,42,45,45,45,45,47,47,47,47,48,50,52,55,58,58,58,58,59,60,63,65,71,72,75,77,79,79,79,79,81,81,81,81,80,80,80,80,80,80,80,81,80,81,82,83,84,84,86,87,88,87,86,85,83,83,83,83,83,83,83,83,83,84,84,84,85,89,100,113,117,107,94,85,83,82,82,86,86,86,78,63,56,60,72,88,92,91,90,89,85,85,83,82,85,82,78,75,74,75,76,77,81,81,83,84,80,79,76,74,72,74,76,79,80,80,80,80,78,78,78,78,77,77,77,77,77,77,77,77,73,73,73,73,75,78,82,85,89,91,93,96,95,95,95,95,93,93,93,93,94,94,94,94,92,91,90,89,84,82,80,78,78,78,77,76,74,74,74,74,75,75,75,75,77,77,77,77,74,73,70,68,69,69,71,72,75,77,80,81,84,85,87,90,92,92,94,95,95,94,93,92,90,90,90,90,89,90,93,95,100,101,103,104,106,106,106,106,107,107,107,107,107,107,107,107,107,107,107,107,106,105,104,103,103,103,105,106,111,112,115,118,118,117,115,113,110,110,108,107,108,107,106,105,104,108,111,111,112,110,108,105,97,94,93,96,97,100,104,107,110,109,108,107,104,103,102,101,98,98,98,98,99,99,99,99,99,98,97,96,95,95,93,92,92,90,88,85,85,86,87,88,92,93,94,95,98,97,96,95,91,89,85,82,84,85,88,90,92,92,92,92,93,94,95,96,96,96,96,96,96,95,92,90,87,83,76,71,64,63,61,59,59,60,63,65,69,70,73,75,75,76,77,78,78,80,82,84,81,81,81,81,81,81
15,74,74,71,65,63,63,61,60,58,55,51,48,41,37,34,34,34,36,40,44,51,52,53,54,52,49,44,39,41,40,39,38,32,32,32,32,33,34,37,39,40,44,49,50,53,53,53,53,57,57,57,57,57,57,55,54,50,49,45,42,40,40,40,40,44,44,44,44,46,46,46,46,47,49,51,53,57,57,57,57,57,58,61,63,69,70,73,75,77,77,77,77,80,80,80,80,78,78,78,78,76,77,78,80,79,80,81,82,81,82,83,85,86,85,84,83,81,81,81,81,81,81,81,81,82,83,83,83,85,89,105,127,137,123,102,88,85,83,83,87,87,90,85,69,52,50,59,79,92,91,90,89,89,88,87,86,86,83,79,76,74,75,76,77,82,82,84,85,79,77,75,73,71,73,75,77,79,79,79,79,77,77,77,77,77,77,77,77,77,77,77,77,76,76,76,76,78,80,84,87,91,93,96,98,95,95,95,95,93,93,93,93,93,93,93,93,92,91,90,89,84,82,80,78,78,78,77,76,74,74,74,74,76,76,76,76,78,78,78,78,76,75,72,70,70,70,72,73,77,78,79,80,84,85,87,90,93,93,95,96,96,95,94,93,89,89,89,89,87,88,91,93,96,98,101,103,105,105,105,105,106,106,106,106,106,106,106,106,107,107,107,107,106,105,104,103,104,104,106,107,109,111,115,119,120,119,116,113,109,109,107,106,108,107,106,105,104,108,111,111,113,111,109,107,97,94,93,96,96,99,103,106,110,109,108,107,104,103,102,101,98,98,98,98,100,100,100,100,99,98,97,96,94,94,92,91,93,91,89,87,88,89,91,92,92,93,94,95,98,97,96,95,91,89,85,82,84,85,88,90,94,93,92,90,90,91,92,93,94,94,94,94,94,94,93,92,90,86,80,74,66,65,62,59,59,60,63,65,69,70,73,75,74,75,76,77,78,78,79,80,78,78,78,78,81,81
16,71,70,66,64,62,64,64,60,56,53,48,44,37,32,25,25,28,30,33,36,44,46,49,51,50,45,39,38,38,37,36,35,28,28,28,28,30,31,32,33,40,44,48,48,50,51,53,54,54,54,54,54,54,53,52,51,45,44,41,38,39,39,39,39,42,42,42,42,41,42,43,44,49,50,51,52,54,54,54,54,55,56,57,58,63,65,67,70,70,71,72,73,74,74,74,74,76,75,74,73,70,71,74,76,78,78,78,78,80,80,80,80,80,80,80,80,79,79,79,79,80,77,76,78,78,79,80,81,81,90,103,128,148,140,112,88,81,84,86,84,89,87,83,80,59,51,53,70,83,90,96,94,93,92,89,87,85,83,79,76,73,74,75,76,80,83,84,81,78,76,74,71,74,74,76,77,77,77,79,80,79,78,77,76,76,76,76,76,75,75,77,78,80,80,80,80,85,86,87,88,92,93,94,95,96,96,96,96,92,92,92,92,89,90,91,92,93,92,89,87,85,83,81,79,77,77,76,76,76,76,76,76,74,75,77,78,78,78,78,78,77,76,73,71,70,70,70,70,72,75,77,78,80,82,83,87,90,92,94,97,99,99,97,96,93,92,89,87,85,86,87,88,92,94,96,99,101,101,101,101,100,101,102,103,102,103,104,105,107,106,105,104,105,104,103,102,104,102,102,105,110,112,114,117,119,118,115,113,110,108,106,104,102,102,102,102,100,105,110,110,110,111,110,105,97,94,92,93,97,100,104,107,107,107,107,107,104,103,102,101,99,99,99,99,98,99,100,101,103,101,97,93,94,91,88,90,92,91,89,88,89,89,91,92,95,94,93,92,93,93,93,93,88,86,83,81,84,85,88,90,94,94,92,91,88,88,86,85,88,88,88,88,89,89,89,89,89,86,82,78,71,69,65,61,59,60,62,63,69,70,73,75,76,76,76,76,79,79,79,79,77,73,71,72,77,77
17,68,67,64,62,61,63,62,58,55,52,47,42,32,27,22,22,28,29,32,34,41,43,46,48,47,42,37,37,36,36,35,33,28,28,28,28,29,30,31,32,39,43,46,46,48,49,50,51,52,52,52,52,52,51,50,48,44,43,40,38,39,39,39,39,41,41,41,41,41,42,43,44,48,49,50,51,53,53,53,53,54,55,56,57,63,64,67,69,69,70,71,72,73,73,73,73,75,74,73,71,70,71,74,76,78,78,78,78,79,79,79,79,79,79,79,79,78,78,78,78,79,76,75,78,78,79,80,81,84,88,99,129,149,141,112,87,79,83,85,84,88,87,84,83,70,57,53,70,81,88,95,93,93,92,89,87,85,83,79,76,73,74,75,76,80,83,84,81,78,77,74,72,74,75,76,78,77,78,79,81,80,79,78,77,76,76,76,76,75,76,77,79,81,81,81,81,85,86,87,88,91,92,93,94,95,95,95,95,92,92,92,92,89,90,91,92,93,92,89,87,85,83,81,79,77,77,77,77,77,78,78,78,76,76,77,78,78,78,78,78,77,76,73,71,69,69,69,69,71,73,76,77,80,81,83,86,90,91,94,96,99,98,97,95,93,92,89,87,85,86,87,88,92,93,96,98,100,100,100,100,99,100,101,102,102,103,104,105,107,106,105,104,104,103,102,100,102,100,101,105,110,111,114,116,118,117,114,112,108,107,104,102,100,100,100,100,99,104,109,110,110,111,109,104,96,93,91,92,96,98,102,105,106,106,106,106,104,103,102,101,99,99,99,99,98,99,100,101,102,100,96,93,92,89,87,88,90,90,89,88,89,90,91,93,95,94,93,92,92,92,92,92,87,86,83,81,84,85,88,90,94,93,92,90,88,87,86,84,86,86,86,86,88,88,88,88,88,86,82,79,73,71,67,64,61,61,62,63,69,70,73,75,76,76,76,76,78,78,78,78,77,73,71,72,75,76
18,62,62,61,60,58,60,60,56,54,50,43,38,26,22,19,20,27,28,29,29,36,38,40,43,41,37,34,34,34,33,32,31,28,28,28,28,28,29,30,31,36,40,44,44,44,45,46,47,48,48,48,48,48,47,46,44,41,40,39,39,39,39,39,39,40,40,40,40,41,42,43,44,47,48,49,50,52,52,52,52,53,54,55,56,61,63,65,68,68,69,70,71,72,72,72,72,72,71,70,69,70,71,74,76,78,78,78,78,78,78,78,78,76,76,76,76,77,77,77,77,77,75,74,76,77,79,80,81,86,87,94,119,135,128,102,80,76,80,84,84,85,86,87,87,79,65,56,63,76,85,92,92,93,92,89,87,85,83,79,76,73,74,75,76,80,83,84,81,80,78,76,73,76,76,78,79,79,79,81,82,81,80,79,78,76,76,76,76,77,77,79,80,82,82,82,82,85,86,87,88,90,91,92,93,94,94,94,94,92,92,92,92,89,90,91,92,93,92,89,87,85,83,81,79,76,76,79,80,81,82,82,82,79,79,78,78,78,78,78,78,77,76,73,71,68,68,68,68,68,70,73,74,78,80,81,85,88,90,92,95,97,97,95,94,93,92,89,87,85,86,87,88,90,92,94,97,99,99,99,99,98,99,100,101,102,103,104,105,107,106,105,104,101,100,99,98,97,96,98,103,108,110,112,115,117,116,113,111,106,104,102,99,96,96,96,96,98,102,107,108,108,109,108,103,95,92,90,91,93,95,99,103,105,105,105,105,104,103,102,101,99,99,99,99,98,99,100,101,101,99,95,91,90,87,84,86,87,87,88,88,91,91,93,94,95,94,93,92,91,91,91,91,85,85,84,83,84,85,88,90,92,92,90,89,86,86,84,83,82,82,82,82,85,85,85,85,86,85,82,80,77,75,71,68,64,64,63,63,69,70,73,75,76,76,76,76,77,77,77,77,77,73,71,72,73,73
19,57,57,58,58,56,58,58,53,54,49,41,34,25,22,20,21,26,26,26,26,32,33,36,38,36,33,31,32,32,31,30,29,28,28,28,28,27,28,29,30,34,38,42,41,41,42,43,44,45,45,45,45,44,44,42,41,38,38,39,39,39,39,39,39,39,39,39,39,41,42,43,44,46,47,48,49,51,51,51,51,52,53,54,55,60,62,64,66,67,68,69,70,71,71,71,71,70,69,68,67,70,71,74,76,78,78,78,78,77,77,77,77,74,74,74,74,76,76,76,76,76,74,73,75,77,79,80,81,82,89,92,101,108,105,85,69,73,78,83,84,83,85,88,91,90,86,76,66,72,81,90,91,93,92,89,87,85,83,79,76,73,74,75,76,80,83,84,81,81,79,77,75,77,77,79,80,80,80,82,83,82,81,80,79,76,76,76,76,78,78,80,81,83,83,83,83,85,86,87,88,89,90,91,92,93,93,93,93,92,92,92,92,89,90,91,92,93,92,89,87,85,83,81,79,76,76,80,83,84,85,85,85,82,81,78,78,78,78,78,78,77,76,73,71,67,67,67,67,67,68,71,72,77,79,80,83,87,89,91,93,96,96,94,93,93,92,89,87,85,86,87,88,89,91,93,95,98,98,98,98,97,98,99,100,102,103,104,105,107,106,105,104,99,98,97,96,93,93,96,102,107,109,111,113,116,114,112,110,104,102,99,97,93,93,93,93,97,101,106,107,107,108,107,102,94,91,88,90,91,93,97,100,104,104,104,104,104,103,102,101,99,99,99,99,98,99,100,101,100,97,93,90,88,84,82,83,84,85,87,88,92,92,94,95,95,94,93,92,90,90,90,90,84,84,84,84,84,85,88,90,91,91,89,88,85,85,83,82,79,79,79,79,83,83,83,83,84,84,83,82,81,78,74,71,67,66,64,63,69,70,73,75,76,76,76,76,76,76,76,76,77,73,71,72,70,71
20,53,54,54,54,55,54,51,45,45,46,40,29,25,24,21,22,26,22,29,30,29,26,25,29,29,29,29,29,30,28,25,25,27,27,28,28,26,27,28,29,35,35,35,35,36,37,40,42,40,40,40,40,41,41,41,41,38,36,35,38,38,38,38,38,38,38,38,38,41,42,43,44,47,48,51,53,51,52,53,54,55,56,57,58,62,63,64,65,66,67,68,69,70,70,70,70,67,67,67,67,70,71,74,76,79,79,77,76,74,74,72,71,70,70,77,74,72,83,94,96,86,74,72,76,78,80,82,83,86,86,86,86,90,83,72,62,63,76,81,82,85,87,87,97,98,110,99,78,71,76,89,88,89,88,86,85,84,82,78,75,70,69,69,73,77,80,83,81,79,78,78,77,82,82,84,85,88,87,86,85,85,84,83,82,78,78,78,78,74,75,78,80,83,83,83,83,85,85,85,85,87,87,87,87,89,89,89,89,90,90,90,90,89,89,89,89,89,89,89,89,85,83,83,82,84,84,84,83,85,86,86,86,82,81,79,78,78,76,76,75,74,73,70,68,68,68,68,68,68,69,72,73,77,78,79,80,87,88,89,90,93,93,93,93,89,89,89,89,88,88,88,88,91,92,93,94,94,95,96,97,98,98,98,98,100,101,102,103,106,105,102,100,96,95,94,93,90,92,96,100,104,105,108,110,112,113,111,107,100,98,94,91,91,91,91,91,93,99,105,107,105,106,105,100,91,88,87,89,92,92,94,95,97,99,101,103,102,102,102,102,100,100,100,100,98,98,98,98,99,96,92,88,85,84,83,82,83,84,87,89,93,94,95,96,99,98,97,96,92,91,88,86,83,83,83,83,87,88,89,89,88,85,85,89,82,86,86,81,81,80,79,78,80,81,82,83,83,83,83,83,82,80,78,75,75,71,68,68,68,70,74,77,81,80,78,76,79,78,77,76,74,74,74,74,73,73
21,51,51,51,51,47,47,47,47,47,42,35,33,37,35,28,23,35,50,31,18,20,24,27,28,28,28,28,28,31,28,25,25,27,27,27,27,25,26,27,28,33,33,33,33,33,35,38,40,39,39,39,39,40,40,40,40,38,36,35,38,38,38,38,38,38,38,38,38,41,42,43,44,47,48,51,53,52,53,54,56,56,57,58,60,62,63,64,65,66,67,68,69,71,71,71,71,68,68,68,68,70,71,74,76,79,78,77,75,74,73,72,70,69,71,69,71,101,117,125,111,94,81,77,76,79,81,82,82,85,85,85,85,83,77,64,54,57,71,79,82,86,88,88,98,117,131,121,96,74,74,83,84,87,87,86,85,84,82,78,75,70,68,68,72,75,79,81,80,78,78,78,78,82,83,84,86,89,88,87,86,85,84,83,82,78,78,78,78,75,76,79,81,83,83,83,83,85,85,85,85,87,87,87,87,89,89,89,89,89,89,89,89,88,88,88,88,88,88,88,88,85,83,83,82,79,79,82,84,83,83,83,83,85,83,79,77,78,76,76,75,74,73,70,68,68,68,68,68,68,69,72,73,77,78,79,80,86,87,88,89,92,92,92,92,89,89,89,89,89,89,89,89,91,92,93,94,94,95,96,97,98,98,98,98,99,100,101,102,105,104,101,99,96,95,94,93,91,93,97,100,105,106,109,111,113,114,112,107,101,99,95,92,88,88,88,88,93,99,105,107,105,106,104,99,90,87,86,89,90,91,92,93,96,97,100,102,101,101,101,101,99,99,99,99,98,98,98,98,98,96,92,89,85,84,83,82,83,84,87,89,93,94,95,96,99,98,97,96,92,91,88,86,82,82,82,82,81,81,83,84,89,88,86,85,84,87,88,86,81,80,79,78,78,78,80,81,83,83,83,83,82,81,78,76,76,71,67,67,68,70,74,77,80,80,79,78,80,79,78,77,75,75,75,75,74,74
22,48,47,45,44,47,43,43,46,48,46,49,58,64,59,59,142,186,162,103,41,22,25,27,27,27,27,27,27,28,27,29,33,28,27,25,24,24,25,26,27,29,29,29,29,30,31,34,36,38,38,38,38,39,39,39,39,38,36,35,38,38,38,38,38,38,38,38,38,41,42,43,44,47,48,51,53,55,56,57,58,59,60,61,62,62,63,64,65,66,67,68,69,72,72,72,72,69,69,69,69,70,71,74,76,77,77,75,74,72,72,70,69,69,68,74,112,148,148,141,124,96,89,91,91,87,86,84,82,84,84,84,84,79,71,58,46,46,63,74,81,87,89,89,99,125,148,144,114,83,75,77,80,84,84,85,85,84,82,78,75,71,68,67,69,73,76,78,77,76,77,78,80,84,84,86,87,90,89,88,87,85,84,83,82,78,78,78,78,76,77,80,82,83,83,83,83,85,85,85,85,87,87,87,87,89,89,89,89,88,88,88,88,87,87,87,87,87,87,87,87,85,83,83,82,82,83,85,87,82,82,82,82,81,80,78,77,78,76,76,75,74,73,70,68,68,68,68,68,68,69,72,73,77,78,79,80,85,86,87,88,91,91,91,91,89,89,89,89,90,90,90,90,91,92,93,94,94,95,96,97,98,98,98,98,98,99,100,101,104,103,100,98,96,95,94,93,92,94,98,102,106,107,110,112,114,115,113,109,103,100,96,93,87,87,87,87,93,99,105,107,103,104,103,98,88,86,85,87,88,88,90,91,93,94,97,99,100,100,100,100,98,98,98,98,98,98,98,98,96,95,92,90,85,84,83,82,83,84,87,89,93,94,95,96,99,98,97,96,92,91,88,86,81,81,81,81,81,83,86,88,82,91,99,96,87,85,84,84,81,80,79,78,76,77,79,80,83,83,83,83,84,82,80,77,77,72,67,66,68,70,74,77,80,80,80,81,81,80,79,78,76,76,76,76,75,75
23,45,43,40,38,38,38,44,58,67,72,79,82,84,111,209,235,229,197,160,116,62,45,25,18,26,26,26,26,27,26,25,26,28,27,24,21,23,24,25,26,26,26,26,26,26,28,30,33,37,37,37,37,38,38,38,38,38,36,35,38,38,38,38,38,38,38,38,38,41,42,43,44,47,48,51,53,57,58,59,60,61,62,63,64,62,63,64,65,66,67,68,69,73,73,73,73,70,70,70,70,70,71,74,76,76,76,74,73,71,71,69,68,67,82,122,164,176,171,154,126,106,102,106,103,96,93,89,85,83,83,83,83,82,74,59,47,37,56,71,81,88,90,90,100,124,156,161,132,94,78,74,80,81,82,84,85,84,82,78,75,71,68,65,67,71,74,76,75,74,76,79,81,85,85,87,88,91,90,89,88,85,84,83,82,78,78,78,78,77,79,81,83,83,83,83,83,85,85,85,85,87,87,87,87,89,89,89,89,87,87,87,87,86,86,86,86,86,86,86,86,85,83,83,82,83,82,80,77,71,71,71,71,69,71,75,79,78,76,76,75,74,73,70,68,68,68,68,68,68,69,72,73,77,78,79,80,84,85,86,87,90,90,90,90,89,89,89,89,91,91,91,91,91,92,93,94,94,95,96,97,98,98,98,98,97,98,99,100,103,101,99,97,96,95,94,93,93,96,100,103,107,109,111,113,115,116,115,110,104,101,97,94,90,90,90,90,93,99,105,107,102,103,102,97,87,85,84,86,85,86,87,89,91,92,95,97,99,99,99,99,97,97,97,97,98,98,98,98,94,94,93,92,85,84,83,82,83,84,87,89,93,94,95,96,99,98,97,96,92,91,88,86,80,80,80,80,79,81,85,89,102,117,129,122,101,94,86,84,81,80,79,78,79,80,81,82,83,83,83,83,85,83,81,79,79,73,67,65,68,70,74,77,79,80,82,83,82,81,80,79,77,77,77,77,76,76
24,44,37,41,34,31,33,64,84,87,85,88,109,176,216,240,238,220,196,200,186,150,122,84,61,37,29,23,26,28,30,120,125,81,35,19,21,25,20,28,24,18,25,25,23,25,27,29,32,36,36,36,36,36,36,34,33,30,30,34,36,38,38,38,38,37,38,38,39,38,40,42,44,45,47,51,54,57,58,60,61,63,63,63,63,64,64,64,64,70,68,69,71,75,75,75,75,72,71,70,69,70,71,72,73,82,69,70,69,69,73,76,83,105,146,178,190,194,173,151,128,119,119,116,113,108,105,100,96,90,88,84,80,85,91,79,51,36,40,59,76,91,92,88,95,126,160,172,151,105,82,77,74,81,82,83,84,84,82,78,75,72,70,68,66,73,74,75,76,74,76,80,84,87,88,89,90,90,90,88,87,84,84,84,84,80,80,80,80,80,81,82,83,83,84,85,86,87,87,87,87,88,88,88,88,89,89,89,89,87,87,87,87,85,85,85,85,82,85,87,87,87,85,82,75,72,67,61,60,52,53,54,54,54,59,64,65,74,78,79,75,73,72,71,70,64,65,65,66,66,68,72,74,81,82,82,83,86,86,86,86,87,87,87,87,89,89,89,89,88,89,90,91,92,92,92,92,93,93,93,93,97,97,97,97,96,96,96,96,97,97,97,97,93,93,93,93,95,97,101,104,111,111,113,114,115,114,113,112,104,103,100,98,93,92,91,90,97,102,107,108,105,105,102,96,86,85,84,83,85,85,85,85,87,89,93,96,99,99,99,99,98,98,98,98,97,97,97,97,94,93,90,88,84,83,82,81,82,84,88,91,95,96,97,98,98,97,96,95,92,91,88,86,86,77,75,86,97,120,132,132,144,154,157,145,132,133,128,115,99,88,78,79,81,81,83,84,81,81,81,81,81,81,79,78,75,73,70,68,69,70,73,75,80,81,82,83,85,84,83,82,81,80,79,78,77,77
25,47,38,35,30,37,66,89,90,88,104,137,184,219,229,240,233,212,200,212,215,191,161,152,137,123,105,87,61,33,137,208,165,103,66,28,19,24,21,24,21,21,21,22,24,25,26,29,31,35,35,35,35,36,35,34,32,31,31,35,37,39,39,39,39,38,38,38,38,37,38,41,43,47,49,53,56,60,61,62,63,63,63,63,63,64,64,64,64,65,67,70,73,75,75,75,75,72,71,70,69,69,70,71,72,71,71,69,76,100,116,137,157,176,201,213,209,187,163,145,134,130,129,125,124,121,120,119,118,122,122,122,121,134,137,118,81,38,35,52,69,85,89,88,94,123,161,178,163,127,95,80,75,81,82,83,84,85,83,79,76,73,72,69,67,73,74,75,76,75,77,81,84,89,90,91,92,90,89,88,86,84,84,84,84,81,81,81,81,80,81,82,83,83,84,85,86,88,88,88,88,89,89,89,89,89,89,89,89,87,87,87,87,85,85,85,85,83,86,88,86,89,85,75,64,50,46,42,41,44,46,48,49,52,55,58,57,57,63,69,72,73,72,71,70,65,65,65,65,64,67,71,74,81,82,83,85,87,87,87,87,87,87,87,87,88,88,88,88,88,89,90,91,91,91,91,91,92,92,92,92,96,96,96,96,95,95,95,95,96,96,96,96,93,93,93,93,95,97,101,104,109,110,111,112,114,113,112,110,104,103,100,98,94,93,92,91,97,102,107,108,105,106,103,97,87,86,85,84,85,85,85,85,86,88,92,95,99,99,99,99,97,97,97,97,96,96,96,96,94,93,90,88,84,83,82,81,82,84,88,91,95,96,97,98,98,97,96,95,92,91,88,86,83,78,79,113,158,179,187,183,175,181,181,171,174,187,191,175,160,137,103,81,81,82,83,85,82,82,82,82,81,80,79,77,74,73,70,68,70,71,74,76,80,81,82,83,85,84,83,82,81,80,79,78,78,78
26,38,33,32,42,76,90,87,102,138,170,202,218,231,226,232,230,226,211,203,207,185,163,165,180,171,160,160,161,180,243,206,151,107,89,79,47,16,37,53,50,35,21,20,23,23,25,27,30,34,34,34,34,34,34,32,31,32,32,36,38,40,40,40,40,40,39,38,36,34,35,38,40,46,48,52,56,61,62,63,64,63,63,63,63,64,64,64,64,66,71,75,75,75,75,75,75,72,71,70,69,68,69,70,71,72,68,74,116,160,176,192,205,219,223,218,196,165,145,136,137,132,128,124,125,125,128,134,138,144,146,148,151,157,164,147,108,51,31,42,57,76,84,87,92,119,160,185,175,135,102,85,79,81,82,83,84,87,84,80,77,76,75,72,70,73,74,75,76,76,78,82,86,89,89,91,92,88,88,86,85,84,84,84,84,82,82,82,82,80,81,82,83,83,84,85,86,89,89,89,89,90,90,90,90,89,89,89,89,87,87,87,87,85,85,85,85,85,87,88,85,84,76,62,45,32,30,28,30,35,37,40,43,48,49,47,43,40,46,58,71,73,72,71,70,67,66,65,63,61,64,70,74,80,82,84,88,88,88,88,88,87,87,87,87,87,87,87,87,88,89,90,91,90,90,90,90,89,89,89,89,93,93,93,93,94,94,94,94,93,93,93,93,93,93,93,93,95,97,101,104,107,107,109,110,111,110,109,108,104,103,100,98,95,94,93,92,97,102,107,108,107,107,104,98,88,87,86,85,85,85,85,85,84,87,91,94,99,99,99,99,96,96,96,96,95,95,95,95,94,93,90,88,84,83,82,81,82,84,88,91,95,96,97,98,98,97,96,95,92,91,88,86,81,77,95,155,204,220,221,212,190,187,182,176,180,203,215,197,180,157,120,91,83,83,85,86,83,83,83,83,79,79,77,76,72,72,71,70,71,72,75,77,80,81,82,83,85,84,83,82,81,80,79,78,79,79
27,32,31,34,58,96,120,147,181,201,212,214,214,215,223,227,230,232,216,188,191,180,151,172,176,175,207,217,207,225,231,197,141,98,119,158,158,150,182,173,120,56,28,20,21,22,24,26,28,33,33,33,33,33,33,31,30,33,34,37,39,41,41,41,41,42,40,37,35,32,33,36,38,43,45,49,52,59,59,61,62,63,63,63,63,64,64,64,64,75,81,82,75,75,75,75,75,72,71,70,69,67,68,69,70,68,72,112,168,199,215,226,231,235,223,202,167,136,129,132,134,131,124,119,122,124,132,143,152,159,160,160,161,164,174,159,118,71,35,35,46,67,80,86,90,118,160,186,178,146,119,101,80,81,82,83,84,88,85,81,78,78,77,74,72,73,74,75,76,77,80,84,87,85,86,87,88,87,87,85,84,84,84,84,84,83,83,83,83,80,81,82,83,83,84,85,86,90,90,90,90,91,91,91,91,89,89,89,89,87,87,87,87,85,85,85,85,86,88,87,84,71,63,48,31,23,22,23,27,30,33,38,41,45,44,38,31,24,29,41,58,73,72,71,70,68,67,64,61,59,62,69,74,80,82,86,90,89,89,89,89,87,87,87,87,86,86,86,86,88,89,90,91,89,89,89,89,87,87,87,87,91,91,91,91,93,93,93,93,91,91,91,91,93,93,93,93,95,97,101,104,104,105,106,108,109,108,107,106,104,103,100,98,96,95,94,93,97,102,107,108,108,108,105,99,89,88,87,86,85,85,85,85,83,86,90,93,99,99,99,99,95,95,95,95,94,94,94,94,94,93,90,88,84,83,82,81,82,84,88,91,95,96,97,98,98,97,96,95,92,91,88,86,85,75,118,184,217,230,225,210,191,182,172,169,183,202,212,199,181,163,128,98,84,84,86,87,84,84,84,84,78,78,76,75,71,71,71,71,72,74,76,78,80,81,82,83,85,84,83,82,81,80,79,78,80,80
28,96,114,134,162,190,205,219,218,207,210,210,205,207,220,225,235,246,222,184,180,188,196,208,209,241,227,199,189,194,205,182,139,147,188,209,207,210,212,183,130,59,32,19,20,20,21,24,26,31,32,33,35,31,30,30,30,36,36,41,43,47,46,45,44,42,40,38,35,34,31,29,32,42,44,46,49,53,55,57,59,60,61,62,63,66,62,65,75,81,82,79,74,67,68,69,70,68,68,68,68,66,66,66,66,66,86,162,203,238,233,234,229,223,196,162,134,108,114,122,124,130,124,119,123,128,135,146,154,165,167,164,155,159,166,160,122,84,51,26,37,53,66,78,94,131,171,191,191,167,155,135,103,89,82,85,86,86,85,82,80,79,78,77,76,78,78,76,75,78,79,80,81,83,85,87,84,84,84,84,84,84,84,84,84,88,88,86,85,83,82,81,79,81,82,85,87,86,87,88,90,92,91,90,89,86,86,88,89,87,87,87,87,83,83,83,83,84,88,85,71,62,47,39,30,21,21,25,27,32,37,43,47,44,37,28,25,21,14,16,31,55,69,76,73,70,68,64,60,60,62,67,73,81,86,90,91,91,91,91,91,89,88,87,86,86,86,86,86,88,88,88,88,88,88,88,88,86,86,86,86,88,88,88,88,88,88,90,91,90,90,90,90,90,91,92,93,96,97,98,99,101,101,101,101,101,101,101,101,102,101,100,99,93,93,93,93,98,101,106,111,110,110,107,101,93,91,89,86,87,86,85,84,86,88,90,93,97,97,97,97,95,95,93,92,92,92,92,92,91,91,89,88,83,83,83,83,79,82,86,90,93,94,95,96,95,95,93,92,89,91,84,83,76,86,140,191,220,211,209,198,182,171,161,163,176,199,207,201,176,146,124,105,87,82,87,93,94,89,84,83,82,79,75,72,69,68,70,75,77,77,79,80,82,82,82,82,83,83,81,80,78,74,72,73,76,79
29,190,201,211,222,228,232,229,216,203,195,189,190,208,218,225,235,241,225,177,165,208,229,241,249,240,205,175,181,189,180,172,158,177,200,204,205,193,182,161,124,83,47,21,22,21,22,25,27,30,30,32,33,33,33,33,33,39,39,43,45,48,46,46,45,41,39,37,34,30,32,34,33,37,40,44,48,52,53,56,58,59,60,61,62,64,62,66,76,81,81,78,71,66,67,68,69,68,68,68,68,67,67,67,67,69,123,192,221,228,223,219,209,192,164,130,104,86,98,115,125,132,126,121,123,128,134,142,148,149,151,147,137,132,139,142,120,96,65,34,31,42,55,72,93,122,159,179,184,176,169,157,133,105,88,82,86,85,84,81,79,79,78,77,76,78,77,76,74,78,79,80,81,82,85,86,83,83,83,83,83,83,83,83,83,88,87,86,84,82,82,81,80,80,81,84,86,87,87,88,89,91,90,89,87,84,85,86,87,86,86,86,86,83,83,83,83,84,88,85,71,59,44,36,27,22,22,26,28,32,38,44,46,41,35,27,25,23,15,14,23,44,63,76,76,71,70,66,62,62,63,67,72,78,83,87,89,91,91,91,91,89,88,87,86,86,86,86,86,88,88,88,88,88,88,88,88,86,86,86,86,87,87,87,87,86,87,88,89,89,89,89,89,89,90,91,92,95,96,97,98,97,97,97,97,100,100,100,100,101,100,99,97,93,93,93,93,98,101,106,111,110,111,108,102,93,92,89,87,87,86,85,84,86,87,90,92,96,96,96,96,95,94,93,91,91,91,91,91,91,90,89,87,83,83,83,83,80,82,86,89,92,93,94,95,95,94,93,91,90,90,83,85,91,122,159,187,199,185,185,188,169,161,158,165,175,197,204,197,168,139,121,108,99,87,87,92,89,87,87,91,83,81,77,74,69,68,70,75,77,78,79,81,82,82,82,82,83,82,81,79,78,74,72,73,75,79
30,232,224,223,230,227,225,216,202,195,185,183,195,206,211,223,231,232,214,170,186,213,238,249,249,214,175,170,190,176,169,169,156,166,179,181,197,188,170,149,125,101,62,21,17,22,23,26,28,30,31,32,33,36,37,39,40,45,45,46,47,49,48,47,46,42,41,38,36,28,31,34,34,31,35,40,45,49,50,53,55,58,59,60,61,60,62,69,76,80,79,75,67,65,66,67,68,68,68,68,68,68,68,68,68,80,156,198,210,209,206,203,190,157,129,99,82,77,91,113,127,137,129,123,124,128,132,136,138,139,140,135,124,110,111,121,123,105,83,50,29,29,40,55,79,106,136,151,161,166,163,159,142,121,98,85,87,84,83,80,78,79,78,77,76,76,76,74,73,78,79,80,81,81,83,84,82,82,82,82,82,82,82,82,82,86,86,84,83,81,81,81,81,81,83,86,88,88,88,88,88,88,87,86,85,82,82,84,85,85,85,85,85,83,83,83,83,84,88,85,71,56,42,33,25,23,23,27,29,31,40,46,42,34,30,25,25,25,18,14,16,33,59,79,80,74,73,69,64,64,64,66,71,77,82,86,88,91,91,91,91,89,88,87,86,86,86,86,86,88,88,88,88,88,88,88,88,86,86,86,86,86,86,86,86,84,84,86,87,88,88,88,88,88,89,90,91,94,95,96,97,95,95,95,95,97,97,97,97,98,97,96,95,93,93,93,93,98,101,106,111,112,112,109,103,95,93,91,88,87,86,85,84,84,86,88,91,93,93,93,93,93,93,91,90,90,90,90,90,89,89,87,86,83,83,83,83,82,83,86,88,91,92,93,94,93,93,91,90,95,95,93,102,128,162,175,188,171,155,160,175,155,151,154,167,173,194,198,188,157,127,111,105,97,93,103,111,111,103,93,88,86,84,80,76,69,68,70,75,79,79,81,82,82,82,82,82,81,81,79,78,78,74,72,73,74,77
31,225,226,235,231,221,219,213,208,193,189,190,198,201,201,217,225,221,208,191,221,234,243,252,220,171,157,185,189,166,170,161,148,178,186,183,195,193,188,151,123,108,78,32,19,23,25,27,29,33,34,36,37,39,41,44,46,50,50,49,49,50,49,48,47,47,46,43,41,35,31,32,44,59,55,49,43,46,48,50,52,57,57,59,60,56,62,71,77,79,78,72,63,64,65,66,67,68,68,68,68,69,69,69,69,104,166,189,202,196,191,180,155,118,91,70,62,63,83,113,133,141,133,124,125,128,130,130,130,133,133,127,115,101,92,100,115,115,106,81,50,27,28,33,53,75,97,105,115,124,130,140,135,122,106,96,90,83,81,79,77,79,78,77,76,75,74,73,72,78,79,80,81,80,82,83,81,81,81,81,81,81,81,81,81,85,85,83,82,79,80,81,83,86,88,90,93,90,89,88,86,86,85,84,82,79,80,81,82,84,84,84,84,83,83,82,82,84,88,85,71,58,43,35,26,24,25,28,30,31,42,48,40,28,25,24,26,24,21,19,19,33,62,83,82,76,75,71,67,66,64,66,69,80,85,89,90,91,91,91,91,89,88,87,86,86,86,86,86,88,88,88,88,88,88,88,88,86,86,86,86,85,85,85,85,81,82,83,85,86,86,86,86,87,88,89,90,93,94,95,96,96,96,96,96,95,95,95,95,96,95,94,93,93,93,93,93,98,101,106,111,113,113,110,104,96,94,92,90,87,86,85,84,83,85,87,89,91,91,91,91,92,92,90,89,89,89,89,89,88,88,86,85,83,83,83,83,84,84,85,86,90,90,92,93,92,92,90,89,87,90,96,116,147,181,193,186,157,146,154,165,152,149,154,168,172,191,193,181,149,116,98,94,93,106,128,130,118,112,106,105,88,86,82,79,69,68,70,75,80,80,82,83,82,82,82,82,80,80,78,77,78,74,72,73,73,76
32,202,230,238,225,226,221,212,200,193,191,190,193,191,202,207,213,218,199,221,232,237,249,234,198,152,161,182,170,163,169,152,162,198,199,186,178,214,214,157,127,110,99,64,29,24,26,26,33,34,36,38,39,49,47,48,54,56,56,55,54,54,54,54,54,54,48,47,42,35,62,104,126,126,116,82,46,43,46,49,48,55,56,57,59,58,64,73,76,78,70,61,56,57,62,67,68,69,69,69,69,73,71,69,75,114,159,178,191,183,180,163,122,89,58,48,44,46,73,112,142,144,133,122,122,123,123,124,125,126,126,119,106,92,83,92,104,121,128,100,81,42,25,21,42,62,71,82,85,90,97,108,118,119,113,100,90,86,84,79,76,79,76,72,73,71,71,71,71,75,76,77,79,80,80,80,80,79,79,79,79,79,79,79,79,82,81,80,80,79,76,79,88,92,93,94,95,94,89,84,83,82,82,82,82,82,79,77,79,79,80,81,81,80,81,82,83,89,85,83,71,57,46,33,25,19,25,33,36,41,46,46,38,20,22,25,28,28,23,21,21,39,62,87,89,87,84,77,71,69,68,70,74,79,95,100,99,92,89,87,89,89,88,86,84,84,86,89,91,87,89,90,88,88,88,88,88,88,88,88,88,84,84,84,84,84,84,84,84,83,83,84,84,84,85,88,90,92,93,94,95,95,95,95,95,96,96,96,96,97,96,95,94,92,92,92,92,97,100,105,110,113,113,110,105,96,95,92,90,90,89,88,87,85,85,85,85,89,89,87,86,86,86,86,86,88,88,88,88,89,89,89,89,87,86,85,84,82,83,84,86,90,87,87,93,91,89,79,65,69,70,81,97,135,187,197,187,150,146,160,164,152,151,163,171,167,179,189,177,139,105,86,82,79,90,115,122,104,93,90,98,126,97,81,83,71,70,72,78,79,80,81,82,82,83,81,76,75,75,75,75,78,77,76,74,73,77
33,223,233,238,233,225,209,192,171,141,133,132,144,166,185,199,205,199,230,230,241,237,243,219,187,142,148,166,157,153,160,155,175,209,205,177,186,224,198,145,114,107,97,84,55,30,28,29,33,42,41,42,47,43,48,56,61,64,64,62,61,55,55,55,55,54,54,58,52,77,122,148,159,165,146,122,85,54,49,47,52,54,54,56,57,59,65,72,75,76,69,60,56,58,63,68,69,70,70,70,70,71,76,67,81,130,165,180,193,186,169,137,93,56,33,28,30,38,86,123,146,142,128,115,115,118,120,121,122,125,124,117,104,92,83,90,99,125,130,107,88,68,48,31,36,54,61,69,73,78,84,94,103,112,106,96,88,82,81,79,77,78,74,70,70,69,69,69,69,74,74,76,77,79,79,79,79,80,80,80,80,78,78,78,78,81,80,79,77,76,74,78,88,91,92,93,94,91,86,81,81,78,78,78,78,79,76,73,74,75,76,78,79,79,79,81,81,84,80,80,73,61,49,33,23,22,27,36,39,41,46,45,36,24,25,27,29,26,21,18,19,29,59,92,96,90,87,80,74,70,69,70,74,87,103,108,109,98,93,86,84,89,88,87,86,83,83,84,85,90,90,90,90,89,89,89,89,88,88,88,88,85,85,85,85,84,84,84,84,84,84,83,83,83,84,87,89,93,94,95,97,94,94,94,94,95,95,95,95,98,97,96,95,90,90,90,90,97,100,105,110,112,113,110,104,96,95,92,90,90,89,88,87,85,85,85,85,89,88,87,85,85,85,85,85,87,87,87,87,88,88,88,88,87,86,85,84,83,83,84,85,89,88,88,91,88,80,63,45,33,34,46,63,111,179,208,192,155,149,161,163,155,155,166,171,160,171,179,166,123,91,73,67,61,65,84,89,64,42,40,72,105,127,92,81,73,72,73,77,79,80,81,82,82,83,81,76,74,74,74,74,77,77,76,75,75,79
34,227,240,232,232,213,170,126,88,70,56,47,57,80,111,146,171,196,220,207,203,216,232,206,172,134,134,153,152,164,164,163,187,215,200,166,197,220,178,142,116,103,93,96,81,45,35,37,38,40,56,78,92,81,70,61,62,67,66,63,61,58,58,58,58,53,62,51,75,124,145,169,178,176,163,158,133,102,84,61,52,54,55,56,57,61,66,72,74,73,67,59,56,59,64,69,70,71,71,71,71,71,79,72,100,142,172,191,201,187,151,101,60,30,17,16,26,61,117,143,149,128,113,100,104,111,113,116,118,122,122,114,102,91,84,87,89,110,118,114,107,85,68,50,45,52,54,58,62,68,72,80,86,98,95,89,85,78,79,81,84,79,74,68,67,70,70,70,70,74,75,76,77,81,81,81,81,83,83,83,83,80,80,80,80,80,79,76,73,72,71,76,87,90,91,92,93,90,85,80,80,77,77,77,77,77,73,69,69,71,73,76,78,79,80,81,82,85,78,77,76,62,50,35,24,26,31,40,43,43,45,43,33,27,27,28,29,22,17,14,15,17,47,85,99,95,92,86,79,74,73,74,78,94,113,124,129,119,109,94,84,82,83,83,83,83,85,90,94,95,92,90,94,95,95,95,95,93,93,93,93,92,92,92,92,89,89,89,89,88,88,86,84,84,86,89,91,96,97,98,99,96,96,96,96,97,97,97,97,99,98,97,96,91,91,91,91,97,100,105,110,111,111,108,103,96,95,92,90,90,89,88,87,85,85,85,85,87,87,85,84,84,84,84,84,86,86,86,86,87,87,87,87,87,86,85,84,84,84,84,84,88,88,88,87,80,65,39,19,6,6,15,29,76,153,207,201,163,155,162,161,153,155,164,164,155,164,170,154,113,84,67,58,39,32,37,41,19,4,7,37,90,136,118,85,76,74,74,77,79,80,81,82,82,83,81,76,73,73,73,73,76,76,76,76,77,81
35,232,232,230,208,133,83,53,37,26,18,11,12,20,40,68,100,122,144,151,124,221,223,181,155,134,133,156,167,165,159,163,190,207,182,161,203,201,167,138,111,101,90,84,85,82,62,87,133,141,126,107,102,117,114,102,86,74,73,68,65,60,60,60,60,63,64,71,110,141,161,165,149,160,171,184,184,166,145,108,78,57,58,60,61,62,67,72,72,70,65,58,57,60,65,70,71,72,72,72,72,74,74,85,126,157,187,205,197,163,124,86,69,53,46,44,57,102,135,147,136,108,93,85,96,105,108,112,115,120,119,112,99,90,84,85,81,95,104,113,112,91,79,63,54,46,44,44,50,56,59,64,68,73,72,70,68,64,67,73,78,83,77,71,68,73,73,73,73,77,78,80,81,86,86,86,86,85,85,85,85,85,85,85,85,80,77,73,69,68,68,74,86,89,90,91,92,93,88,83,82,83,83,83,83,79,74,69,68,71,73,77,81,82,83,85,85,81,69,65,63,57,48,37,30,29,34,43,46,43,45,42,31,26,25,25,25,19,14,11,11,12,30,65,92,100,97,90,84,81,80,82,85,108,133,153,166,162,147,125,109,100,100,102,103,105,105,104,103,99,93,91,97,103,103,103,103,105,105,105,105,105,105,105,105,101,101,101,101,96,94,91,89,89,91,93,96,98,99,100,101,101,101,101,101,102,102,102,102,100,99,98,97,94,94,94,94,97,100,105,110,110,110,107,101,96,95,92,90,90,89,88,87,85,85,85,85,86,86,84,83,83,83,83,83,85,85,85,85,86,86,86,86,87,86,85,84,86,85,84,82,86,89,89,84,70,52,24,5,6,1,4,12,38,105,172,194,170,160,164,159,144,148,156,151,144,151,155,137,107,81,65,53,31,13,9,11,9,3,16,46,91,137,146,104,79,76,75,77,79,80,81,82,82,83,81,76,72,72,72,72,74,75,76,78,80,84
36,231,228,204,113,52,38,29,19,11,10,9,8,13,12,30,63,80,80,82,89,233,214,171,140,141,141,164,180,155,136,159,193,199,159,166,191,177,162,122,99,99,84,61,69,86,100,140,156,117,80,48,54,82,102,123,116,97,80,75,73,65,69,68,70,80,85,112,138,157,151,136,120,131,163,192,205,202,189,171,137,105,80,65,66,68,74,84,76,69,61,55,61,67,72,77,78,79,79,79,79,80,79,105,157,184,209,200,189,151,122,102,99,90,82,82,102,124,136,135,110,82,76,77,92,99,100,102,106,110,119,110,94,84,84,88,96,107,107,110,99,80,76,64,48,36,31,28,31,37,42,48,49,48,48,48,48,47,46,57,73,78,83,78,74,78,76,75,79,78,80,84,87,90,90,90,90,91,91,91,91,89,89,89,89,83,79,73,67,65,69,75,81,86,87,89,91,87,88,89,89,88,91,92,89,88,79,69,67,75,76,82,90,93,91,92,85,67,56,42,38,40,42,41,34,35,42,50,49,46,41,32,23,22,22,20,19,8,6,5,3,5,14,38,77,95,101,93,83,90,90,87,91,125,158,180,197,196,180,157,142,140,142,147,151,151,145,134,108,89,90,94,102,114,113,113,113,114,115,116,117,120,119,118,117,113,113,113,113,110,107,103,98,97,100,102,102,106,107,107,108,105,105,104,104,107,109,110,107,105,105,103,102,98,98,98,98,105,106,107,108,110,108,106,103,96,95,91,89,92,91,90,88,85,85,85,85,86,86,85,84,78,81,82,82,85,82,82,88,83,95,104,99,101,94,91,85,82,83,85,86,91,89,84,79,71,40,15,7,7,1,7,5,52,72,137,172,170,172,164,151,137,138,141,129,123,134,142,122,89,71,58,56,58,27,1,1,6,10,33,74,109,156,159,123,79,77,75,78,79,80,81,82,83,81,79,76,74,70,67,67,68,71,75,79,83,83
37,226,207,101,55,37,24,17,9,12,11,10,9,8,8,22,48,68,59,54,88,218,210,178,146,138,142,165,177,149,132,157,189,187,146,152,176,166,140,100,87,93,71,44,45,70,88,108,87,41,22,6,9,17,52,98,125,112,99,89,82,86,74,82,97,104,111,132,143,133,119,102,94,112,147,186,210,221,207,193,177,162,141,118,98,80,78,85,87,79,68,58,60,71,76,81,82,82,82,82,82,80,92,138,176,203,213,194,173,135,121,115,113,107,101,100,115,127,127,113,84,74,76,84,98,102,96,90,92,100,109,103,92,90,98,112,123,122,114,105,86,71,66,54,40,32,28,24,24,26,31,35,36,33,33,33,33,35,34,42,60,80,90,90,87,90,86,83,83,82,83,85,87,91,91,91,91,95,95,95,95,95,93,92,90,82,78,72,66,61,65,72,78,83,85,88,91,93,93,95,96,96,98,99,97,89,81,72,72,73,83,94,98,96,86,76,62,52,36,25,33,42,43,42,38,39,45,52,49,44,39,29,20,17,16,14,14,7,6,6,5,6,7,26,67,97,105,100,93,93,95,98,110,146,178,198,215,214,203,187,176,172,176,181,185,183,169,146,112,91,93,99,108,120,121,121,121,124,125,126,127,126,125,124,123,123,123,123,123,118,117,115,114,110,110,111,112,112,110,106,102,107,108,108,108,109,111,113,110,110,109,107,106,101,101,101,101,103,104,105,106,109,107,105,102,99,98,95,93,90,90,88,87,89,89,89,89,89,87,83,81,81,81,80,80,85,83,85,89,110,123,136,137,130,119,112,102,90,89,86,84,86,88,87,82,73,46,24,14,3,4,2,27,94,86,119,162,174,174,164,149,126,126,127,113,103,112,119,101,80,65,44,56,69,56,23,8,7,22,61,101,143,168,156,121,80,77,76,79,80,81,82,84,83,82,79,77,73,69,65,65,69,71,75,78,81,82
38,207,90,59,50,28,19,16,12,13,12,11,10,10,12,20,32,37,46,43,86,222,226,196,150,132,143,172,180,156,140,161,186,172,130,135,158,151,118,87,85,86,60,38,39,49,61,62,37,7,6,4,3,3,13,39,89,126,128,114,90,84,90,117,119,106,108,115,110,101,91,83,86,106,135,166,187,199,208,209,200,193,187,179,160,132,112,94,84,81,71,66,71,78,83,88,88,87,87,87,87,86,118,172,194,211,199,176,149,127,121,121,116,113,111,109,113,113,105,91,74,77,88,101,105,101,86,75,81,93,102,103,101,109,120,131,131,124,112,101,85,73,63,46,34,23,23,21,19,17,21,24,23,24,24,24,24,26,28,30,53,82,103,112,109,106,102,97,97,95,95,94,94,97,97,97,97,102,102,102,102,104,101,96,92,84,80,73,68,60,64,71,76,83,86,90,94,94,96,99,101,102,104,105,103,94,87,81,84,84,92,98,93,81,65,48,33,25,30,39,50,47,45,44,44,47,51,55,50,42,36,25,15,11,10,8,7,7,7,7,8,5,3,10,43,71,82,84,82,89,93,104,127,171,199,212,223,210,206,198,191,196,197,200,202,198,177,145,109,96,99,108,119,129,130,132,133,139,139,141,142,136,136,134,133,130,130,130,130,130,130,130,129,125,119,113,112,108,103,95,88,91,94,100,106,108,111,114,113,113,112,111,110,106,106,106,106,106,107,108,109,110,109,106,104,99,99,98,97,96,95,94,93,92,92,92,92,91,90,86,84,84,81,81,85,96,106,124,137,150,156,160,159,153,141,129,116,109,106,101,97,97,98,92,78,75,57,40,26,17,9,15,80,139,131,132,155,181,179,165,146,122,120,116,99,85,91,97,82,60,47,27,52,74,78,47,20,19,37,87,123,154,171,156,108,81,79,78,80,83,84,85,86,85,83,81,78,73,69,65,65,71,72,75,77,79,79
39,103,64,59,29,26,18,19,18,14,13,12,11,8,11,15,15,15,14,12,104,222,235,208,149,124,144,183,191,164,146,160,176,152,110,113,135,130,102,87,89,81,56,47,56,63,69,54,27,5,5,3,1,2,3,9,52,102,134,138,107,102,128,143,122,100,87,78,69,57,64,75,86,110,128,143,154,161,180,191,198,209,206,203,190,179,158,132,108,87,78,71,76,83,88,93,94,92,92,92,92,100,142,175,192,190,167,155,132,121,112,112,114,109,109,107,102,99,90,85,86,98,112,118,108,91,74,67,84,97,107,112,118,123,136,143,133,119,107,99,90,76,60,35,19,13,18,24,24,19,22,24,23,19,19,19,19,19,22,20,46,84,113,131,127,114,112,110,112,114,112,109,106,105,105,105,105,107,107,107,107,111,107,100,94,88,85,78,72,64,68,75,80,86,90,95,100,103,105,109,113,114,117,118,115,115,109,106,111,108,99,83,68,48,34,24,19,15,23,38,53,51,46,46,50,53,56,58,51,41,34,21,10,9,8,6,5,6,7,8,10,4,4,2,15,35,49,55,57,71,85,114,157,195,217,220,221,216,216,210,201,196,194,190,186,182,162,137,110,99,104,115,128,133,134,137,140,147,148,149,150,145,145,143,142,140,140,140,140,139,137,134,131,116,102,85,80,74,69,62,56,56,65,80,93,104,108,112,112,113,112,111,110,111,111,111,111,116,116,118,119,115,114,111,109,111,111,111,111,109,108,107,106,107,107,107,107,107,108,109,110,114,112,116,128,149,158,168,173,165,167,168,167,161,149,139,126,116,114,111,108,118,121,114,97,77,65,53,36,26,22,71,129,174,179,166,169,187,183,165,143,119,114,107,87,73,77,81,69,53,37,33,57,80,81,67,45,38,43,85,116,137,147,138,99,82,80,79,81,85,86,87,88,86,84,82,80,76,72,69,69,73,73,74,75,76,77
40,59,71,52,36,28,35,35,22,15,17,16,9,8,5,3,5,1,8,20,105,160,233,193,148,133,148,199,192,170,139,154,165,132,95,92,120,110,89,85,91,95,106,115,112,106,92,86,62,18,0,1,0,5,9,13,39,82,119,152,143,148,155,153,112,67,52,39,44,51,67,80,89,113,119,128,135,149,152,161,171,189,201,205,206,191,177,158,149,123,102,80,78,91,92,94,95,100,94,95,108,138,153,168,168,153,148,136,120,111,108,107,109,114,111,105,101,96,89,90,98,112,123,123,107,75,79,86,89,101,112,130,140,150,145,142,130,104,99,90,84,73,53,24,7,4,16,27,27,25,27,28,26,21,18,14,15,18,15,18,33,76,111,133,144,129,128,128,132,129,128,126,124,117,117,116,112,115,116,117,118,118,115,109,104,95,93,91,90,85,99,97,95,106,105,110,120,123,128,131,129,136,136,136,135,134,132,133,125,97,74,49,31,15,14,12,11,5,13,26,37,51,52,52,53,55,58,60,53,41,31,18,9,8,7,5,5,7,7,7,7,3,3,3,3,7,11,19,25,38,54,102,152,209,225,224,222,224,223,212,194,184,172,165,158,145,135,118,105,104,113,125,133,138,139,140,141,139,148,154,151,151,146,144,150,148,149,147,143,145,137,129,112,96,76,53,46,42,39,33,28,28,30,38,64,80,93,106,107,111,111,110,107,111,114,111,114,121,125,129,128,124,125,125,126,129,130,131,132,134,133,131,130,131,133,136,138,140,142,144,146,144,147,155,165,173,183,195,198,193,178,166,156,144,145,145,130,125,113,115,120,129,125,136,141,121,100,71,56,64,88,128,173,207,207,188,188,196,192,176,138,120,113,98,81,68,71,73,71,61,53,51,62,82,85,82,70,55,55,69,96,103,104,102,94,89,85,82,84,87,87,89,90,89,88,87,86,78,77,75,74,76,73,72,74,78,78
41,64,69,54,49,49,44,35,25,20,20,17,10,7,5,5,8,20,21,48,72,91,187,163,152,149,156,200,196,159,133,147,158,118,86,90,101,94,92,102,112,115,116,112,102,91,83,83,68,35,3,4,3,1,14,48,79,90,112,148,170,170,161,137,88,52,45,42,49,68,82,92,101,114,117,121,124,134,136,144,154,163,174,180,186,191,186,174,161,156,138,120,119,120,119,119,119,117,125,140,153,146,146,145,144,138,141,134,114,101,101,107,114,117,116,111,106,100,94,94,98,113,120,117,104,99,93,91,101,122,139,157,158,163,149,131,109,88,82,75,72,57,41,20,9,7,16,25,27,31,33,34,32,22,17,13,13,13,16,19,21,63,102,127,139,133,134,138,144,149,144,136,128,123,121,118,116,114,115,116,117,121,119,116,113,114,114,111,107,114,117,123,124,122,125,130,133,137,140,142,141,139,140,140,140,143,139,131,107,72,45,21,9,10,9,7,7,3,6,17,33,51,52,53,55,57,59,59,51,39,30,17,9,8,7,5,5,7,7,7,7,3,3,3,3,3,7,13,18,23,31,59,118,170,207,225,225,219,218,206,185,162,148,137,128,117,113,110,111,117,122,128,129,131,133,136,138,141,145,145,138,126,121,118,123,134,135,134,129,119,110,101,87,64,49,32,27,29,29,30,30,32,31,27,37,66,79,91,91,89,98,109,112,115,123,126,133,135,139,143,143,144,144,144,143,145,146,147,148,149,149,148,147,148,149,152,154,159,159,160,161,159,160,165,172,184,193,202,203,205,187,169,154,145,146,150,140,127,113,114,122,140,149,170,180,180,165,143,132,139,159,186,215,226,218,200,209,218,208,186,147,116,108,90,71,67,71,76,76,73,66,64,72,81,85,86,80,78,70,67,74,76,76,83,96,103,99,90,82,87,88,89,91,89,88,87,86,81,81,80,79,81,78,77,80,81,81
42,60,61,58,62,66,53,39,34,30,25,18,12,9,9,11,16,15,59,109,128,95,125,144,152,168,168,203,197,157,137,145,151,111,83,87,97,89,94,94,92,86,81,74,71,64,62,63,58,42,11,8,5,9,28,76,105,114,116,140,177,182,160,114,69,51,56,65,74,86,94,98,106,108,111,118,123,133,135,142,151,156,160,158,161,172,177,179,175,162,151,140,140,141,146,153,160,173,175,170,159,155,144,132,130,127,133,127,104,89,93,106,119,121,120,116,113,106,102,101,100,111,112,108,102,95,97,111,133,147,160,167,155,139,121,103,84,70,61,53,55,52,38,21,13,11,16,23,26,34,37,38,35,22,17,12,11,7,14,17,11,43,90,124,139,132,133,138,146,155,149,137,128,124,118,112,112,113,114,115,116,123,124,125,126,130,129,127,127,137,130,170,214,210,185,156,144,143,142,141,141,141,142,144,145,150,136,111,73,32,14,4,5,3,3,3,3,6,10,21,37,50,52,55,58,59,60,57,46,36,27,16,9,8,7,5,5,7,7,7,7,3,3,3,3,1,2,6,8,7,17,23,51,112,151,184,207,216,214,197,168,137,123,111,100,97,94,99,110,120,125,130,131,134,135,136,137,133,128,117,105,90,84,80,84,95,96,94,89,87,73,61,48,34,27,19,19,23,27,35,42,50,54,49,51,55,64,70,65,60,73,96,115,129,140,144,146,151,156,159,159,157,156,155,153,154,155,157,158,157,157,157,158,157,158,161,163,169,167,165,164,167,167,170,176,185,192,197,194,188,174,163,154,146,146,151,146,130,113,113,124,144,169,198,211,219,207,187,173,182,203,224,240,241,225,210,221,224,207,176,133,107,101,88,73,69,74,80,82,79,75,73,77,81,85,89,89,89,83,74,67,70,66,74,95,117,117,107,89,89,89,91,92,89,88,87,86,88,88,88,88,88,86,87,91,91,91
43,42,50,61,63,59,54,47,44,39,30,18,14,14,15,20,27,66,136,155,146,105,102,126,144,174,177,210,192,156,140,139,137,104,100,92,82,78,81,72,71,63,55,50,55,55,53,46,43,42,35,26,17,25,48,83,116,140,139,151,175,187,155,96,58,60,72,88,95,101,104,103,112,115,117,121,125,130,131,137,145,154,155,151,155,155,155,158,163,160,154,150,151,151,157,168,176,181,175,162,149,141,138,134,133,134,130,117,97,85,90,104,119,120,119,117,115,112,109,106,102,103,102,102,105,102,116,126,120,104,110,111,105,94,77,62,51,45,41,45,61,68,52,29,17,14,16,21,26,30,33,34,31,23,17,10,8,6,11,14,14,64,109,139,146,137,136,138,143,146,143,138,134,128,119,111,112,112,113,114,115,121,124,129,133,138,138,152,179,190,187,172,181,172,161,148,143,140,136,133,135,139,141,144,146,132,103,64,27,6,2,6,4,0,1,3,3,17,30,44,51,50,52,57,60,61,61,55,43,33,25,15,9,8,7,5,5,7,7,7,7,3,3,3,3,2,2,3,4,6,8,11,13,35,76,114,145,171,176,167,141,117,104,96,88,86,86,96,116,137,140,140,138,137,134,130,127,114,102,81,65,52,45,40,43,46,47,45,41,36,26,23,22,20,19,20,23,21,27,36,44,53,63,63,61,57,61,58,45,30,35,61,98,129,144,153,155,156,160,164,164,162,161,158,155,158,159,160,161,159,160,161,162,160,162,164,167,169,167,162,159,153,155,162,171,183,188,190,184,173,162,157,153,145,141,143,139,133,114,112,126,159,194,221,229,232,225,211,198,200,223,239,243,249,234,221,220,212,154,98,81,82,83,82,78,76,80,83,82,85,83,81,81,84,84,86,89,90,90,85,74,71,70,77,93,118,126,123,105,90,90,92,93,89,88,87,86,93,94,95,97,94,93,95,100,103,103
44,86,63,51,53,50,48,48,51,47,28,20,23,21,20,24,60,154,174,162,157,154,158,126,136,164,195,208,190,156,137,134,126,107,94,74,81,73,65,57,57,52,38,41,55,57,46,36,36,52,61,43,33,41,59,88,126,156,159,157,166,167,147,95,55,71,98,114,112,104,110,117,120,120,122,125,128,132,129,133,145,151,149,145,142,148,146,144,141,144,143,141,139,135,144,157,165,169,151,130,125,134,138,139,134,136,127,111,97,86,92,106,116,117,116,116,115,115,111,107,102,98,98,102,110,118,112,83,66,59,58,57,56,49,46,43,45,40,27,50,76,82,67,35,14,12,16,19,18,22,28,29,23,16,12,8,8,8,12,3,38,102,141,155,152,149,140,140,143,145,143,145,151,146,133,119,116,118,110,115,111,116,125,134,136,178,220,190,163,142,119,143,177,137,138,141,182,225,200,150,125,132,142,138,135,110,66,20,6,7,3,1,3,6,0,1,16,36,50,61,58,52,55,59,62,65,63,53,41,32,22,12,11,11,10,8,8,8,8,8,8,5,5,3,2,3,3,3,3,2,3,5,6,18,17,37,77,105,112,113,101,91,86,77,70,72,77,86,94,114,118,120,119,112,105,97,94,89,70,47,36,24,23,20,18,17,18,19,21,18,20,22,25,25,27,30,33,34,38,44,49,58,62,64,60,59,51,40,35,24,15,23,68,107,134,156,164,172,172,172,173,165,162,155,150,150,149,147,146,142,144,148,151,151,149,150,155,157,154,149,144,138,147,155,171,182,197,194,180,162,134,129,134,133,131,129,127,122,114,111,137,176,217,234,241,242,230,216,209,211,232,248,250,254,244,221,182,140,104,79,72,82,86,87,95,106,93,82,83,91,90,87,83,82,83,86,88,92,94,90,80,77,74,76,87,106,122,132,122,105,89,88,91,92,89,87,88,92,97,102,103,102,101,101,105,107,108
45,169,155,131,94,48,45,44,46,41,32,30,28,32,31,72,143,180,174,163,171,186,191,155,164,175,185,194,185,160,137,123,112,89,77,78,76,68,57,47,44,34,28,40,61,57,51,48,52,61,60,45,45,62,79,105,138,162,164,165,152,142,137,83,53,82,108,124,121,115,120,126,127,127,126,125,123,122,127,133,134,141,141,143,144,142,141,138,136,132,129,125,121,118,124,131,134,125,115,114,128,141,144,145,143,138,129,113,99,94,99,112,122,120,119,118,116,115,111,107,102,101,104,109,113,101,80,45,33,37,37,38,38,39,36,34,35,42,40,65,86,89,67,31,17,10,15,20,20,28,28,27,25,17,12,7,6,7,0,16,74,134,151,150,147,149,143,145,147,144,148,151,152,151,142,134,135,123,128,119,119,125,180,234,243,229,213,185,153,132,146,127,190,157,173,215,237,213,218,223,194,145,136,131,112,78,27,0,8,4,1,0,0,3,5,20,41,51,62,66,56,49,53,58,63,65,63,53,41,32,22,12,11,11,10,8,8,8,8,8,8,7,6,5,4,1,1,1,1,1,1,3,3,10,15,19,21,32,39,50,59,57,55,51,48,49,53,61,67,74,79,82,82,77,69,58,53,44,34,22,19,22,22,21,20,23,24,26,27,27,29,32,34,44,45,47,49,49,51,53,56,56,56,53,47,41,35,27,23,19,15,14,34,79,114,146,158,165,166,168,169,164,159,151,143,145,145,146,147,143,144,146,148,146,141,138,138,139,136,131,126,123,131,140,159,181,197,194,178,148,119,110,111,118,117,117,116,117,112,117,149,183,221,236,243,238,231,220,214,222,237,244,251,252,224,154,97,76,81,79,77,81,86,86,94,104,102,95,86,85,87,88,85,82,83,86,88,92,94,91,82,79,76,77,85,101,116,130,129,117,95,83,86,87,86,87,91,94,99,104,104,104,102,102,106,108,109
46,219,209,196,177,155,139,115,98,85,63,54,62,75,123,175,180,187,170,162,180,190,198,190,205,201,188,205,185,136,127,109,84,70,79,76,68,59,48,36,33,30,29,47,68,62,58,52,50,43,35,27,37,65,81,102,125,143,155,169,146,122,91,58,54,91,117,131,126,127,131,134,133,134,131,125,120,123,117,115,121,130,129,128,127,128,127,124,122,118,116,111,107,106,109,110,108,107,107,118,138,151,148,145,143,140,134,123,112,103,108,119,128,125,124,121,119,115,111,107,102,105,111,112,105,82,55,31,29,23,25,29,31,32,29,26,28,24,32,55,77,81,63,36,34,51,47,36,23,26,25,23,19,15,12,9,9,7,3,43,111,149,150,147,148,151,147,150,147,139,138,134,129,127,144,157,152,151,141,137,134,153,245,235,233,196,183,184,146,116,111,162,195,153,168,199,206,215,197,176,149,142,180,187,127,43,9,6,0,5,4,6,11,23,32,48,62,70,75,72,55,44,49,58,65,65,63,53,41,32,22,12,11,11,10,8,8,8,8,8,8,9,9,7,6,2,2,2,2,2,1,1,1,5,9,14,20,21,14,10,14,20,20,20,20,22,25,29,33,36,38,36,32,27,23,19,18,19,18,19,21,23,24,26,28,34,35,36,37,40,42,45,47,53,54,55,55,58,56,53,51,43,38,31,27,18,14,10,10,8,14,14,18,39,78,122,148,159,162,167,171,167,163,154,147,143,143,143,144,141,141,140,139,134,127,119,116,114,111,106,102,104,110,121,145,176,195,192,171,138,107,95,94,106,107,109,111,110,110,123,162,191,225,235,243,238,234,226,219,226,240,246,233,200,133,83,73,76,82,76,76,80,84,85,93,101,108,105,87,89,93,93,84,82,83,86,88,91,95,93,85,82,80,80,83,94,106,123,132,129,109,86,83,84,83,86,91,93,98,103,104,104,102,100,102,106,107
47,222,205,201,209,207,205,204,207,199,180,177,191,210,201,201,176,169,176,171,186,201,194,208,208,200,219,205,146,124,113,94,83,87,88,79,66,53,44,35,34,40,36,46,56,54,50,42,34,25,19,21,31,49,65,81,97,103,130,144,129,97,75,56,59,88,113,126,121,131,133,134,131,134,131,126,122,117,112,107,108,108,109,110,111,114,112,109,107,101,101,101,100,100,102,104,101,95,110,130,142,140,131,120,115,112,110,107,103,108,112,122,130,130,129,124,121,115,111,107,102,107,113,107,87,61,35,21,19,22,25,31,36,36,33,31,32,25,21,23,39,48,51,53,66,75,70,58,44,25,33,33,19,13,11,10,12,27,48,91,141,156,156,159,160,155,150,149,139,126,110,93,89,96,119,147,160,157,150,152,156,235,248,245,216,181,196,169,129,144,145,201,201,175,175,215,226,195,173,149,138,139,119,133,131,72,4,6,9,10,14,24,36,47,58,70,74,77,81,74,55,40,46,57,67,65,63,53,41,32,22,12,11,11,10,8,8,8,8,8,8,12,11,10,8,5,5,5,5,5,5,3,2,5,8,14,24,20,17,15,15,11,11,10,10,13,14,16,18,25,28,31,30,30,27,24,25,22,24,26,27,27,29,34,38,43,44,45,46,48,50,52,54,53,53,53,53,48,43,36,29,23,17,11,10,5,3,2,5,3,10,11,14,20,43,76,110,132,136,143,149,161,159,154,151,146,144,140,137,136,134,131,128,122,116,109,106,100,97,92,88,94,99,111,140,169,190,186,162,126,96,86,87,96,98,103,106,106,107,123,165,195,224,231,240,244,241,231,218,192,182,191,163,104,77,72,71,69,68,75,82,78,83,84,92,98,104,100,83,70,81,88,82,82,83,86,88,91,95,94,87,84,84,83,80,90,97,112,127,130,123,99,87,87,84,84,87,90,95,100,100,101,98,95,96,102,102
48,216,200,208,214,211,215,224,236,227,222,230,231,218,213,192,166,156,186,183,194,193,197,216,203,200,227,147,123,109,94,94,98,96,84,71,54,45,37,29,27,29,29,36,48,47,43,34,22,10,13,19,24,34,46,53,60,77,85,98,106,101,87,61,65,89,112,118,118,127,130,125,124,131,129,123,119,117,113,104,96,102,101,98,96,98,95,98,98,95,95,95,95,99,101,101,104,124,129,132,129,127,109,99,100,93,91,87,83,88,93,108,124,121,129,125,118,112,107,107,110,111,109,98,68,36,26,25,25,27,28,29,31,27,29,33,35,37,22,13,23,31,35,36,47,43,42,47,53,85,121,122,98,85,89,99,111,119,125,139,154,157,155,152,150,141,135,124,115,94,87,113,121,105,92,119,154,160,148,164,236,244,243,227,201,159,180,159,159,184,216,220,211,211,181,194,233,182,172,127,154,126,117,112,107,75,58,13,24,25,30,39,47,62,65,72,80,89,83,74,54,34,38,55,63,65,60,51,43,31,21,11,10,10,10,8,7,5,6,7,8,11,11,11,11,8,9,11,12,7,8,8,4,5,5,8,16,20,20,16,10,11,11,11,11,14,16,18,20,20,22,25,27,31,33,32,28,32,31,29,27,28,31,37,42,47,46,46,46,48,52,54,53,48,43,36,29,26,23,18,14,3,3,3,3,2,3,4,5,7,7,7,7,11,13,32,64,87,94,89,104,125,146,154,148,147,143,136,129,128,126,123,121,118,118,116,115,108,101,93,90,95,107,121,143,168,188,180,149,104,86,78,80,85,90,99,106,104,103,133,165,199,218,227,241,246,241,238,206,149,111,111,95,73,73,68,60,64,75,78,79,85,84,85,90,95,94,91,86,76,56,62,76,79,82,86,89,88,92,94,90,84,84,84,85,87,92,105,119,131,132,121,97,88,85,88,84,84,87,92,96,93,90,87,89,94,94
49,212,204,215,220,217,217,221,231,222,226,232,225,218,211,186,157,150,186,184,194,198,193,202,192,211,168,124,120,92,93,101,102,92,77,61,44,33,30,26,26,26,28,34,43,41,38,28,17,11,14,19,23,30,42,48,54,54,56,70,87,94,91,74,74,94,114,118,118,128,129,121,118,122,123,124,126,120,110,101,104,97,95,92,90,77,94,89,80,83,92,99,94,105,105,115,131,135,133,126,117,111,96,89,89,88,85,79,73,70,71,79,89,102,114,118,118,120,112,104,100,101,97,85,60,41,32,30,28,25,25,26,27,21,23,25,28,30,22,17,23,32,38,35,36,36,39,45,90,161,173,163,151,151,158,166,166,150,139,123,113,112,110,108,106,100,96,87,80,75,79,116,136,115,98,106,123,139,140,224,218,238,224,194,209,175,179,175,158,205,226,220,233,188,187,194,190,159,140,130,166,125,124,121,102,94,49,44,46,49,51,54,57,54,62,75,86,89,82,73,55,36,38,53,62,63,59,50,42,31,21,11,10,10,9,7,6,5,6,7,8,11,11,11,11,11,12,13,14,11,13,13,10,6,5,6,13,18,18,16,10,10,10,10,10,13,14,17,19,23,24,24,25,33,35,35,31,30,30,31,32,32,33,34,35,39,37,36,34,34,38,40,39,31,27,21,16,12,10,6,3,3,3,3,3,2,3,4,5,7,7,7,7,13,12,13,18,30,38,37,50,83,115,142,149,150,149,144,136,127,124,119,116,116,118,120,123,119,112,103,98,104,116,130,148,165,179,164,132,98,83,77,79,77,85,94,98,100,99,129,161,194,213,221,236,243,246,237,190,125,102,88,71,71,70,66,60,65,74,78,81,85,83,82,86,82,85,90,94,90,67,31,51,77,82,87,88,89,92,93,90,85,85,85,85,86,91,103,116,129,132,125,105,91,86,88,86,86,87,91,94,90,86,84,86,89,90
50,207,212,222,222,221,217,216,228,221,230,229,216,217,207,177,143,141,187,184,194,203,192,197,195,173,122,122,91,91,106,112,103,80,61,44,30,21,22,22,22,20,24,31,35,30,29,24,17,16,18,21,24,27,38,43,47,59,51,46,51,59,72,73,81,96,113,117,122,132,132,123,118,125,124,122,120,111,112,109,101,90,89,86,84,86,78,85,88,102,109,113,107,112,114,129,135,127,121,112,106,94,83,81,80,77,74,68,62,60,58,57,59,76,92,100,105,115,110,102,94,94,84,73,57,43,36,32,24,21,21,21,20,17,20,26,30,31,36,41,43,47,45,33,29,31,55,65,114,155,155,154,160,167,167,158,140,129,116,97,84,86,84,81,79,83,81,77,73,74,77,102,117,114,105,105,109,114,113,230,243,221,177,163,199,184,170,179,179,200,193,192,203,205,181,193,174,141,130,181,176,147,142,133,110,73,78,76,61,59,58,56,54,57,69,85,93,90,80,71,58,40,38,51,62,60,56,47,39,31,21,11,10,8,8,6,5,5,6,7,8,11,11,11,11,12,13,14,15,16,19,20,18,11,9,8,11,15,16,15,10,9,9,9,9,10,11,14,16,23,23,24,25,35,38,39,37,31,32,34,36,35,34,31,28,28,25,21,17,14,17,19,18,10,9,5,3,4,4,3,3,3,3,3,3,2,3,4,5,7,7,7,7,6,13,21,24,16,17,12,13,37,72,114,143,152,156,155,146,131,127,119,113,115,118,124,128,127,121,113,110,116,129,141,154,166,170,147,116,88,78,76,77,79,78,85,102,115,106,124,144,189,208,216,231,233,237,215,163,116,110,86,68,66,67,64,59,62,70,73,80,84,81,78,78,77,77,81,89,86,69,38,33,73,81,88,85,92,91,90,91,89,88,86,84,84,88,98,111,122,130,129,115,96,87,88,90,88,88,89,89,87,84,82,83,86,87
51,205,218,223,217,219,213,214,230,226,230,220,211,217,204,169,131,133,187,184,194,207,196,191,189,131,120,102,91,107,116,104,85,63,45,31,24,20,22,22,17,15,21,28,29,20,24,27,26,23,24,27,29,27,38,42,45,58,53,44,36,42,55,59,76,90,108,117,129,136,138,132,130,129,126,120,115,110,111,105,94,88,87,84,82,84,88,89,170,231,240,241,227,182,151,133,122,112,104,94,91,76,69,70,69,66,66,64,63,60,56,52,52,62,75,79,82,93,98,103,102,97,84,73,64,52,46,41,29,18,17,16,14,19,26,38,49,65,74,76,63,48,39,29,41,96,120,122,139,156,157,158,151,148,138,120,103,104,99,95,95,87,85,82,80,79,79,78,78,72,77,95,107,102,104,105,108,115,151,239,234,214,201,167,200,173,205,160,175,179,184,173,192,192,175,182,142,110,104,188,143,175,148,126,119,86,85,89,84,81,80,77,75,78,88,98,98,90,78,70,60,43,38,48,61,58,54,45,37,31,21,11,10,7,7,5,4,5,6,7,8,11,11,11,11,10,10,12,13,15,20,22,21,19,15,12,13,12,14,14,11,8,8,8,8,8,9,12,14,17,20,25,30,37,40,43,41,37,37,36,35,32,31,28,27,22,18,11,5,0,2,5,3,4,3,2,2,1,2,4,5,3,3,3,3,2,3,4,5,7,7,7,7,8,10,13,18,26,22,18,13,10,32,70,116,150,158,160,151,141,136,126,118,116,118,122,124,122,119,116,118,122,137,148,156,157,155,130,104,80,74,76,76,73,84,102,116,119,97,91,91,117,136,144,159,156,153,135,116,98,97,79,62,62,64,62,58,57,62,65,77,84,79,74,72,69,66,70,81,81,57,45,58,84,95,103,98,93,90,89,92,91,90,87,84,82,85,94,106,113,124,129,120,100,89,89,93,90,89,87,86,89,86,83,85,86,87
52,214,227,213,211,221,204,228,230,223,226,212,211,219,202,162,122,130,193,181,195,218,192,192,158,123,112,89,92,113,110,83,62,47,38,28,26,26,25,22,20,20,23,20,25,20,51,42,47,35,32,37,32,34,39,44,42,51,52,50,43,40,38,40,49,66,81,85,105,134,142,140,136,125,122,118,115,109,103,96,92,84,93,85,83,86,133,228,249,244,216,204,212,223,214,170,111,96,96,76,71,68,55,61,60,58,59,60,58,62,60,58,55,62,68,73,76,74,78,83,87,91,81,67,59,49,62,63,42,21,18,20,28,43,57,54,61,85,95,97,85,80,78,87,108,142,151,158,154,156,149,128,113,103,106,98,92,95,93,99,101,97,91,89,88,80,84,88,86,80,92,103,112,114,106,107,103,111,248,243,222,222,194,173,186,194,189,174,155,159,169,144,185,172,194,158,106,111,146,172,197,150,137,105,113,106,75,86,116,115,116,111,102,98,104,102,93,90,80,74,65,52,42,47,57,57,51,41,36,31,21,11,10,10,9,9,5,7,8,8,9,3,7,10,7,7,8,9,10,14,15,15,15,18,20,19,15,11,11,11,11,9,9,9,9,8,9,10,12,13,16,20,24,34,37,42,46,41,38,34,31,25,24,22,21,18,16,13,10,5,4,2,0,2,2,2,2,4,4,4,4,4,4,4,4,5,6,7,8,8,7,6,5,6,8,13,16,22,23,21,16,11,10,31,82,119,150,155,156,144,138,127,117,117,116,115,114,113,109,110,117,129,138,148,150,151,138,114,90,74,71,73,74,81,113,126,108,90,78,63,56,47,46,49,54,49,54,50,82,89,88,70,60,59,62,62,56,55,55,61,73,81,74,65,62,56,59,65,73,69,54,45,61,97,107,94,99,98,100,99,91,90,90,89,87,85,86,90,98,110,118,125,124,108,99,90,90,91,90,89,87,92,91,89,88,90,90
53,220,218,204,210,215,208,233,232,221,224,211,211,216,196,157,122,138,197,181,196,221,185,188,122,113,94,90,108,112,89,73,63,49,42,33,29,26,25,22,20,21,23,19,23,39,47,48,60,43,40,44,35,37,40,44,40,45,47,49,46,43,40,40,42,41,47,45,57,86,102,116,129,131,123,111,105,98,97,96,95,98,91,91,106,197,244,243,241,213,200,194,188,192,196,203,173,103,75,65,44,49,47,50,56,55,55,57,59,62,61,58,56,62,68,73,76,71,74,79,82,79,75,69,69,69,85,96,89,78,73,71,76,80,92,93,100,122,129,130,122,121,116,117,127,135,145,147,133,117,115,100,92,96,99,94,94,94,96,87,98,98,104,113,175,225,227,229,230,224,206,143,122,129,126,125,121,225,250,237,201,202,186,180,188,201,181,167,155,140,159,146,190,191,197,174,133,116,136,166,204,138,119,101,104,108,89,90,127,125,126,123,119,104,102,96,93,87,79,76,69,57,45,48,57,56,50,41,37,31,21,11,10,7,3,1,4,5,7,8,9,11,11,11,7,6,7,8,9,13,14,14,14,17,19,19,16,11,11,11,11,10,10,10,10,9,9,10,11,9,11,15,18,27,30,36,40,37,35,31,28,22,20,15,11,11,11,10,10,7,7,5,5,3,3,3,3,4,4,4,4,4,4,4,4,5,6,7,8,8,7,6,5,5,7,11,14,21,23,23,20,16,10,14,44,99,135,145,148,141,136,125,117,116,115,114,112,107,104,106,115,128,138,148,150,140,127,104,84,75,74,68,82,111,125,116,89,75,65,51,42,28,27,28,33,32,36,53,86,86,83,69,60,63,62,58,52,45,47,56,71,75,68,59,54,49,52,59,64,58,48,43,46,83,91,79,91,95,97,98,95,94,95,93,88,85,86,89,96,107,115,123,123,110,101,93,92,95,95,94,93,94,93,92,91,91,91
54,218,202,197,209,208,214,238,227,218,222,210,211,212,188,151,127,154,203,181,199,229,195,151,116,98,91,99,105,88,95,80,56,49,45,38,30,26,25,22,20,21,22,17,21,40,43,63,62,51,52,56,45,40,43,43,37,41,42,44,47,47,44,41,37,39,37,32,37,48,62,77,94,107,105,108,119,106,108,105,99,99,93,101,224,245,248,245,223,212,201,196,188,177,187,194,193,208,136,75,65,46,45,46,47,49,49,52,59,64,62,60,57,62,68,73,76,77,79,82,84,78,77,79,84,99,112,124,126,119,112,108,110,126,132,134,138,134,130,123,115,105,98,92,92,88,100,105,94,89,91,85,84,94,95,92,97,103,95,96,95,94,166,221,197,178,193,204,198,198,192,203,181,139,130,148,200,222,247,217,196,195,188,178,177,216,187,184,140,123,131,150,190,182,188,180,179,172,138,182,170,136,111,98,97,108,97,87,123,125,123,121,121,117,106,90,82,81,76,77,76,64,51,52,58,54,49,42,39,31,21,11,10,2,8,2,2,5,13,15,5,7,6,6,7,5,6,7,8,10,11,11,11,12,15,16,14,11,11,11,11,13,13,13,13,10,10,10,10,6,7,10,12,17,21,28,34,35,33,29,25,27,23,17,12,7,7,8,9,8,8,8,9,4,4,4,4,4,4,4,4,4,4,4,4,5,6,7,8,8,7,6,5,4,6,8,10,15,19,24,25,20,16,11,21,67,111,131,138,137,132,123,115,113,112,111,110,102,99,99,107,121,131,141,143,131,117,97,84,75,76,69,95,133,128,101,77,74,68,55,43,31,29,29,33,31,38,71,95,81,75,67,60,64,60,53,49,44,47,57,73,77,69,58,52,49,55,62,63,55,47,44,32,49,81,86,89,84,85,90,95,92,97,98,91,86,85,88,93,101,110,119,120,114,105,97,96,98,99,99,99,98,97,96,95,94,94
55,205,188,199,211,204,220,237,214,216,220,210,212,213,186,149,134,167,209,181,201,223,185,124,102,91,96,96,98,96,84,63,52,46,45,38,28,26,25,22,20,21,22,16,18,30,34,54,56,52,58,68,58,43,44,43,34,43,41,40,44,47,49,47,40,37,32,33,40,44,48,50,60,64,64,76,97,107,112,113,105,98,155,233,246,238,238,234,220,211,210,209,191,186,170,180,191,185,186,190,197,194,151,77,42,45,43,47,59,65,63,61,59,62,68,73,76,77,79,81,82,80,78,77,80,79,90,107,120,122,116,114,118,120,115,111,106,100,92,85,86,91,87,84,83,78,82,87,89,91,95,92,93,103,101,94,100,108,95,101,112,209,199,187,180,172,171,167,162,166,163,171,186,186,189,178,166,212,234,213,200,186,191,185,208,198,200,169,146,153,145,167,187,180,175,195,174,132,154,186,160,154,130,102,100,119,101,89,109,123,117,110,110,110,107,94,79,76,74,80,83,71,56,54,59,52,48,42,40,31,21,11,10,7,8,2,24,63,78,77,51,21,14,7,5,4,5,6,7,8,9,9,9,5,8,10,10,11,11,11,11,15,15,15,15,12,11,10,8,7,8,9,10,13,17,26,32,36,34,30,27,24,22,19,17,12,11,9,7,5,6,7,8,5,5,5,5,4,4,4,4,4,4,4,4,5,6,7,8,8,7,6,5,4,4,5,6,6,13,21,25,24,24,16,13,44,95,123,133,133,129,121,115,111,110,109,108,104,97,92,95,108,118,128,130,119,105,87,80,75,73,81,105,120,110,90,86,85,81,70,55,42,39,38,40,44,59,81,90,76,67,66,59,60,54,50,51,45,46,53,67,74,65,53,47,50,58,64,61,56,39,35,19,21,66,87,94,89,81,72,68,81,92,100,95,86,85,86,91,96,106,116,118,118,109,100,100,98,99,100,101,101,100,99,98,96,96
56,179,178,201,208,196,228,231,203,223,216,211,213,211,181,149,143,190,193,186,197,219,149,109,87,92,91,83,97,90,54,44,58,69,51,32,28,24,26,25,20,19,18,17,16,15,16,29,52,56,60,72,64,44,49,36,29,39,39,41,42,47,48,47,43,38,40,43,46,37,50,50,47,49,44,49,61,72,78,95,97,203,243,240,232,235,226,207,195,214,234,204,184,166,152,142,145,178,195,190,188,187,185,170,128,50,37,39,55,62,60,60,65,56,70,75,79,72,68,72,72,69,72,76,79,80,81,84,85,97,95,92,89,84,82,79,76,73,70,69,72,72,74,76,79,78,78,79,79,85,85,85,85,88,94,76,92,88,100,109,176,190,185,192,174,165,166,161,147,166,161,171,188,196,188,200,170,253,209,196,224,190,185,211,223,192,188,176,144,145,126,162,184,192,183,177,128,156,145,170,179,165,129,103,99,121,106,93,98,126,106,87,97,100,96,94,84,76,72,77,95,89,65,53,55,55,53,48,43,33,27,17,8,10,11,46,84,98,86,80,70,57,41,18,3,6,7,4,8,8,8,8,8,4,4,5,7,11,11,11,11,14,16,18,20,17,16,12,10,9,10,11,12,14,15,20,28,36,38,37,33,21,20,20,20,19,17,13,9,2,3,6,9,10,9,8,6,4,4,4,4,6,6,6,6,7,7,7,7,5,5,5,5,4,4,4,4,7,9,14,17,19,26,22,16,41,83,116,126,129,125,119,115,110,109,109,108,103,96,89,86,93,100,109,113,103,95,84,78,77,71,86,106,110,93,88,100,106,104,93,75,59,53,56,59,60,61,76,80,75,66,57,56,54,52,51,52,54,43,47,61,68,60,50,46,48,59,57,50,46,29,18,15,14,38,78,81,83,78,51,48,46,82,100,96,90,85,84,91,97,102,110,116,116,112,105,99,98,99,102,104,106,106,105,104,102,101
57,177,181,201,204,199,233,221,211,222,215,211,214,210,180,150,148,187,191,188,199,195,134,100,85,96,71,83,101,48,32,46,70,66,50,32,26,26,27,25,20,19,18,17,16,13,5,13,44,59,70,73,46,35,48,39,25,38,38,40,41,46,48,48,44,40,41,44,46,37,53,54,44,64,143,214,226,226,226,234,240,241,236,221,225,216,188,190,219,219,190,169,162,145,129,125,141,186,196,195,205,214,214,206,212,212,184,112,68,70,60,53,58,62,68,66,72,63,64,54,55,62,65,71,75,75,77,80,81,87,86,84,82,73,72,69,67,65,63,62,64,67,68,71,73,72,72,71,71,69,69,69,69,64,84,83,88,86,93,146,199,192,188,180,168,181,181,168,165,99,63,82,102,109,116,105,184,224,201,207,207,191,181,205,219,193,178,173,141,107,135,179,175,187,186,145,144,142,149,191,191,157,102,93,92,115,105,89,89,93,106,90,74,78,77,84,83,75,72,75,89,84,69,69,78,72,64,54,49,39,28,17,17,35,67,92,93,86,76,73,65,62,64,54,28,1,4,8,7,7,8,8,8,4,5,6,8,11,11,11,11,13,14,17,19,17,16,13,11,10,11,12,14,13,13,17,23,31,33,33,30,25,23,19,16,16,16,16,16,9,8,7,6,9,9,8,7,5,5,5,5,6,6,6,6,7,7,7,7,5,5,5,5,4,4,4,4,6,8,12,15,16,22,19,17,44,84,114,123,124,122,117,112,110,110,111,111,103,97,90,86,87,93,100,102,96,88,78,73,69,72,88,99,93,91,81,92,115,119,116,103,89,80,78,76,79,72,75,78,77,73,61,49,53,53,53,53,53,42,46,60,66,56,44,41,44,55,54,46,34,21,16,14,19,28,61,81,68,68,45,28,35,68,94,96,89,84,84,90,96,100,108,115,115,112,105,100,99,100,103,105,107,106,105,103,101,101
58,172,186,202,197,204,237,215,224,220,214,211,215,207,177,153,158,188,191,189,198,170,121,94,89,87,59,74,54,34,19,25,34,34,28,23,25,29,29,26,20,19,18,17,16,8,9,24,50,65,81,80,56,58,56,35,27,37,37,39,40,44,46,48,46,43,44,45,45,58,47,68,169,237,227,215,215,220,219,221,232,218,216,211,197,187,192,217,217,187,161,141,136,135,118,116,138,174,193,207,209,203,196,205,214,227,235,239,245,239,204,164,155,135,178,179,123,72,56,60,60,57,60,64,67,67,69,72,73,74,73,72,71,68,68,67,66,59,57,56,58,60,62,65,67,68,67,65,64,67,67,67,67,75,81,83,90,138,175,173,208,202,189,170,167,179,182,141,83,43,9,51,81,84,108,94,246,224,215,225,197,203,196,210,204,207,179,176,141,126,143,174,198,213,178,146,146,110,171,198,172,126,106,94,88,105,104,82,73,88,83,104,77,78,71,72,70,67,65,65,73,70,65,77,92,90,73,53,49,45,41,48,67,95,103,93,85,73,66,66,62,61,67,71,64,51,37,27,16,8,8,8,8,6,6,7,9,11,11,11,11,10,11,14,16,17,16,15,14,13,14,15,16,14,13,14,18,23,26,27,25,26,24,19,15,12,13,16,18,15,13,9,5,8,8,8,8,6,6,6,6,6,6,6,6,7,7,7,7,5,5,5,5,4,4,4,4,5,7,9,11,12,17,15,18,48,86,112,117,117,115,112,109,108,109,111,112,105,99,91,88,82,86,90,91,86,79,71,67,64,71,86,88,84,87,69,68,96,113,128,126,112,99,92,85,73,78,83,86,82,78,64,45,50,54,57,55,52,40,45,59,64,49,33,30,38,49,47,39,28,21,21,20,12,26,33,68,70,50,52,27,23,51,86,94,88,83,82,89,93,97,105,112,113,111,106,102,100,101,104,106,109,107,104,102,100,100
59,169,191,203,191,208,236,221,232,218,213,211,217,205,175,155,166,194,194,190,192,150,110,85,83,63,47,53,46,33,10,8,16,15,15,17,22,32,31,27,20,19,18,17,16,11,14,34,68,91,95,88,89,94,82,46,26,36,36,38,39,42,46,47,47,46,46,45,45,53,146,245,221,217,211,212,218,215,214,212,220,215,194,160,144,129,142,152,145,138,124,111,107,118,112,119,140,167,182,201,202,200,213,213,210,218,197,208,225,238,244,248,243,241,247,234,217,183,123,78,58,63,62,60,59,60,62,65,66,66,66,66,66,64,64,64,65,61,58,57,60,58,60,63,65,71,69,66,64,62,62,62,62,61,77,164,225,200,156,187,208,216,185,172,179,177,132,99,30,5,13,50,66,72,78,153,221,239,228,228,210,213,193,196,193,217,214,176,142,124,152,194,199,203,167,133,115,150,181,196,150,115,112,89,91,96,102,75,59,71,92,104,115,76,64,59,56,54,52,51,51,52,50,64,77,73,57,47,58,85,89,97,108,107,93,78,68,69,65,67,66,62,66,73,76,73,74,75,42,8,8,8,8,7,7,8,10,11,11,11,11,8,9,12,14,16,16,17,17,15,16,17,18,19,16,14,17,16,19,22,21,22,21,20,18,11,11,12,12,14,13,11,10,6,7,8,10,7,7,7,7,6,6,6,6,7,7,7,7,5,5,5,5,4,4,4,4,5,5,6,7,9,12,11,20,51,87,110,112,111,110,107,105,103,105,108,110,106,100,92,89,84,87,89,87,82,75,68,65,65,67,78,82,77,74,64,53,60,90,125,136,129,117,109,102,92,82,69,80,87,76,60,49,47,55,61,57,51,39,44,58,63,43,23,22,32,43,41,34,25,20,21,17,11,15,25,50,64,43,47,41,22,44,81,92,86,82,81,87,91,95,103,110,112,110,106,103,101,103,105,107,111,108,104,100,98,99
60,175,193,209,185,211,228,232,221,213,215,217,220,198,175,160,172,194,199,194,174,122,91,81,79,47,33,51,74,39,16,9,4,13,2,9,19,31,29,25,21,18,17,16,15,9,14,33,71,99,102,104,108,118,107,65,26,35,35,36,36,43,44,44,45,45,45,54,63,221,227,203,204,207,198,203,195,190,216,210,230,198,154,113,128,106,101,94,91,87,96,95,99,101,108,130,148,161,167,201,205,204,200,210,212,196,205,207,208,208,212,223,231,243,243,242,240,236,242,240,225,194,142,75,62,51,61,56,60,65,65,66,61,61,59,58,60,57,59,58,65,64,60,66,62,67,69,70,68,63,65,57,65,77,202,188,171,159,152,180,220,201,182,169,173,113,94,25,5,10,18,53,58,61,67,220,201,226,229,210,214,194,171,188,207,228,213,183,153,145,149,194,197,187,138,130,115,154,185,162,112,118,92,94,93,85,91,70,58,57,75,100,115,134,138,54,53,44,51,40,41,41,42,47,55,50,43,51,90,112,120,121,109,98,75,57,60,64,73,79,77,68,70,80,73,60,61,64,51,26,13,10,12,9,9,9,8,10,10,10,10,8,9,10,11,15,15,15,15,14,14,14,14,21,19,16,13,9,10,12,14,15,15,15,15,15,13,10,8,11,11,11,11,10,9,8,7,11,10,9,7,6,6,6,6,7,7,7,7,7,6,5,4,4,4,4,4,5,5,5,5,6,10,13,16,58,93,109,109,104,104,104,104,103,103,104,104,100,98,94,90,90,91,91,88,79,75,68,63,61,65,75,75,70,66,63,51,37,57,94,127,130,141,132,128,119,76,33,34,70,59,53,56,43,59,68,57,48,41,45,52,51,38,22,15,26,39,38,29,24,20,14,8,5,10,18,39,51,40,36,38,27,46,84,86,84,82,82,86,91,94,99,104,108,108,106,105,100,102,105,107,112,108,99,92,88,92
61,180,194,203,183,212,229,233,221,218,220,220,219,196,173,160,173,196,202,193,145,104,79,72,69,42,30,52,76,37,33,40,30,22,19,26,28,30,28,24,21,18,17,16,15,9,11,23,54,89,106,102,105,113,104,79,36,30,31,36,39,44,38,45,47,44,48,59,235,193,200,205,206,184,197,186,193,213,211,228,200,175,149,129,113,100,96,87,80,75,88,95,101,110,120,132,154,148,156,184,191,194,196,192,192,198,205,202,201,207,206,204,203,201,210,221,228,238,246,250,244,244,216,215,189,107,65,52,54,53,63,59,65,54,54,53,54,53,48,59,65,68,62,60,52,58,66,71,68,65,59,57,119,192,198,175,170,172,169,194,222,193,183,174,159,92,39,9,8,16,37,41,50,42,71,197,145,214,203,177,202,177,178,187,198,226,216,192,186,155,160,198,198,168,132,121,116,126,193,141,108,95,94,93,89,78,82,83,39,67,93,81,90,99,139,124,52,45,45,36,34,31,34,41,51,56,56,77,113,124,128,120,98,77,61,58,64,73,83,94,98,89,84,80,69,59,54,54,48,29,14,9,10,12,12,12,12,10,10,10,10,8,9,10,11,14,14,14,14,14,14,14,14,19,18,15,13,10,10,11,12,14,14,14,14,14,13,10,8,10,10,10,10,10,9,8,7,10,10,9,8,7,7,7,7,7,7,7,7,7,6,5,4,4,4,4,4,5,5,5,5,6,9,11,13,57,92,107,108,103,103,103,103,103,103,103,103,99,97,93,90,89,91,90,87,79,75,68,63,63,63,71,71,61,57,57,51,42,40,59,100,130,151,152,149,131,82,26,2,36,47,45,51,47,61,69,58,48,40,44,51,47,35,20,14,21,32,30,22,17,15,10,6,5,9,14,33,46,36,29,36,32,54,83,85,82,80,81,84,90,93,98,103,108,107,106,104,103,104,106,108,110,104,94,86,82,86
62,189,196,191,178,213,231,235,220,222,225,222,214,190,169,159,175,201,203,171,108,79,63,63,57,32,28,54,73,63,63,72,57,39,39,32,25,28,26,22,19,18,17,16,15,11,8,11,35,66,94,90,89,100,99,90,52,27,29,34,38,43,37,41,41,44,40,220,178,206,215,210,194,186,184,182,212,218,232,221,185,148,122,111,94,95,97,95,88,79,79,92,112,120,123,129,149,165,172,175,179,172,181,180,185,195,201,195,192,193,192,191,189,191,198,205,203,204,215,228,234,229,238,242,238,248,235,218,188,122,54,54,61,50,52,53,54,56,53,55,55,62,63,60,60,56,55,60,68,61,55,152,202,182,186,190,179,165,178,206,222,196,190,182,81,57,9,11,12,27,32,31,36,41,69,74,51,146,152,156,188,149,185,181,215,227,218,195,196,166,170,191,183,153,124,108,97,121,160,94,116,80,96,93,86,89,80,91,24,58,65,53,54,28,73,142,133,65,50,46,39,32,34,42,52,60,68,101,125,125,129,117,89,69,63,81,93,89,96,105,112,112,120,117,84,59,51,50,47,39,19,10,13,14,13,13,12,10,10,10,10,8,9,10,11,12,12,12,12,14,14,14,14,15,14,14,14,10,10,9,8,10,10,10,10,11,11,11,10,8,8,8,8,10,9,8,7,8,8,9,9,8,8,8,8,7,7,7,7,7,6,5,4,4,4,4,4,5,5,5,5,4,6,7,8,53,88,104,104,99,99,99,99,104,103,100,99,97,95,91,88,87,89,88,85,79,75,68,63,64,60,68,71,58,52,54,53,45,40,48,70,107,143,159,154,127,97,60,22,33,51,50,56,54,64,69,60,49,40,42,47,38,28,16,13,13,21,18,13,9,8,7,5,5,6,7,22,43,39,25,24,41,68,81,82,78,77,77,81,88,91,96,101,106,105,104,103,103,104,105,106,104,97,85,74,69,73
63,196,197,183,176,214,232,236,219,222,226,220,208,186,166,159,177,207,202,136,94,67,58,64,55,29,44,91,116,98,76,62,45,36,34,21,22,28,25,21,18,18,17,16,15,15,9,10,32,58,82,90,82,89,97,86,64,30,31,33,34,27,42,45,58,84,190,204,209,213,210,195,202,206,206,211,217,235,230,196,166,127,102,82,85,85,95,106,107,106,111,131,143,153,138,150,157,172,180,168,173,171,173,184,191,189,196,192,190,191,191,194,196,186,198,207,204,195,203,214,221,221,216,241,249,247,246,241,231,233,228,235,239,203,133,85,117,105,75,80,61,67,72,69,75,65,57,56,68,123,188,185,193,194,209,191,168,166,188,216,220,177,185,135,90,20,16,26,10,21,17,22,22,34,52,22,16,55,156,159,176,167,177,189,224,229,221,203,190,179,179,184,164,153,106,95,87,137,138,100,78,80,87,84,78,64,71,89,40,53,50,49,41,21,4,119,141,98,71,70,60,50,50,53,59,71,81,116,124,127,130,112,74,57,65,115,141,146,145,145,147,144,152,144,96,59,59,60,50,43,29,34,52,62,52,34,18,10,10,10,10,8,9,10,11,12,12,12,12,14,14,14,14,13,13,14,14,11,10,8,7,9,9,9,9,11,11,11,11,8,8,8,8,10,9,8,7,7,8,9,11,9,9,9,9,7,7,7,7,7,6,5,4,4,4,4,4,5,5,5,5,4,6,6,6,52,87,102,103,98,98,98,98,104,103,100,97,97,94,90,87,86,88,88,84,79,75,68,63,63,60,70,79,67,58,56,56,52,48,50,62,84,131,153,144,125,87,61,41,39,42,47,59,60,66,69,62,49,40,41,45,33,24,14,13,12,17,12,11,7,7,8,8,6,5,3,15,28,43,33,26,48,80,80,81,77,75,76,79,88,91,96,100,105,105,103,102,102,102,102,102,102,93,78,66,60,64
64,201,196,177,176,217,235,234,221,227,224,217,195,180,155,159,176,224,165,115,87,65,64,67,49,39,85,138,122,96,69,43,31,19,18,16,15,20,20,20,20,17,16,15,14,14,15,12,34,47,63,92,86,86,89,90,67,38,24,26,56,157,172,166,167,174,187,196,211,218,196,216,230,222,210,209,231,244,206,170,140,117,88,72,80,86,87,106,134,148,150,157,167,164,163,159,172,180,177,169,179,184,188,196,193,187,187,187,187,180,188,196,193,185,186,191,192,196,191,201,206,206,211,212,221,220,230,236,250,252,250,227,230,240,240,242,246,241,239,234,205,161,148,127,124,135,132,191,223,209,175,192,201,211,196,184,174,185,201,215,202,186,185,90,57,23,21,27,16,13,11,10,12,20,16,13,13,17,173,173,164,179,184,202,222,216,219,207,189,169,167,159,140,122,94,90,88,124,101,85,82,84,77,80,39,0,13,29,50,39,43,42,35,23,7,7,163,121,103,88,99,79,78,77,75,74,83,116,130,132,125,90,59,47,57,117,162,178,187,172,160,150,133,107,74,53,56,64,59,55,46,66,92,92,78,52,29,18,14,11,11,8,8,8,8,11,11,11,11,13,13,13,13,11,10,9,8,8,8,8,8,8,8,8,8,8,8,8,8,10,9,8,6,7,7,7,7,7,8,9,10,13,12,11,10,7,7,7,7,6,6,6,6,3,3,3,3,4,4,4,4,6,7,6,11,51,81,100,98,101,100,99,98,99,98,97,96,93,92,89,87,86,85,84,83,78,74,68,64,63,61,78,99,86,62,58,63,55,47,46,59,69,93,121,125,100,56,35,50,49,17,38,60,58,66,74,61,53,40,36,36,20,16,11,11,13,15,15,11,5,7,9,9,6,6,7,7,18,29,38,33,36,82,87,77,73,72,74,79,85,87,91,94,98,101,102,100,98,98,98,98,97,90,78,68,56,57
65,197,190,176,177,221,237,234,222,229,222,210,185,166,141,151,179,204,147,106,81,65,59,58,54,69,113,134,104,80,51,27,23,16,15,14,13,17,17,17,17,17,16,15,14,11,12,9,31,43,48,83,86,83,69,87,72,61,24,113,210,185,158,148,165,174,187,213,215,209,209,214,203,185,194,225,245,219,180,146,122,98,82,76,78,69,77,112,145,155,153,153,156,166,166,177,178,186,176,181,186,181,190,183,173,170,156,151,168,192,188,186,186,186,184,189,192,203,206,205,204,213,215,210,213,211,217,219,228,233,214,224,242,248,247,246,245,244,219,203,197,190,179,189,200,218,220,223,208,174,195,201,200,192,189,173,174,195,193,194,189,177,141,93,49,35,42,20,10,10,8,6,9,14,11,23,64,112,114,142,166,168,182,208,214,220,221,215,199,172,159,154,126,103,87,86,79,102,86,80,81,85,71,35,0,6,2,21,36,34,37,37,29,24,0,0,63,155,120,100,91,83,83,81,75,68,76,111,129,126,115,81,51,42,49,79,120,153,169,158,139,103,92,78,55,36,43,59,60,53,40,45,62,67,61,47,32,18,14,11,11,8,8,8,8,10,10,10,10,12,12,12,12,11,10,9,8,8,8,8,8,8,8,8,8,8,8,8,8,9,9,8,7,7,7,7,7,7,8,9,10,13,12,11,10,7,7,7,7,6,6,6,6,4,4,4,4,4,4,4,4,4,4,4,15,57,84,100,97,100,99,98,96,98,97,96,94,92,91,88,86,85,84,83,81,77,74,69,64,60,67,92,112,91,68,62,63,57,48,46,59,65,87,112,102,62,33,22,39,34,22,55,82,70,68,71,66,52,39,33,31,17,13,10,10,15,17,16,13,4,4,5,7,6,7,8,10,9,15,26,35,35,73,82,73,73,72,74,79,85,87,91,94,98,100,101,98,95,95,95,95,94,88,78,70,62,63
66,190,181,175,178,225,237,231,221,227,215,197,172,157,137,153,184,183,125,92,68,64,57,53,64,88,119,109,80,57,32,15,16,13,13,13,14,16,16,16,16,17,16,15,14,10,11,8,30,40,35,67,85,70,77,77,78,92,199,212,186,163,179,178,177,185,197,203,209,210,208,193,180,204,224,243,229,187,155,128,105,79,76,79,77,75,74,109,143,165,165,167,172,181,184,178,181,181,189,185,184,180,157,153,145,144,174,200,194,177,166,158,162,175,203,196,191,202,199,193,205,224,225,217,219,222,220,212,218,213,218,232,239,238,240,237,230,220,198,189,190,173,204,195,221,223,212,207,187,189,207,202,193,197,192,171,179,188,201,203,170,172,97,99,58,51,61,18,14,8,5,4,7,5,12,78,95,187,129,111,129,174,157,179,216,227,220,211,188,160,146,148,116,92,88,87,81,84,78,80,79,66,45,3,3,0,20,23,15,24,28,27,20,10,8,0,4,186,127,75,92,79,78,71,56,47,54,92,117,107,89,62,39,32,34,36,65,105,122,110,87,69,64,61,47,31,36,49,48,45,30,18,25,37,41,39,30,18,14,11,11,8,8,8,8,9,9,9,9,11,11,11,11,11,10,9,8,8,8,8,8,8,8,8,8,8,8,8,8,8,8,8,8,7,7,7,7,7,8,9,10,13,12,11,10,7,7,7,7,6,6,6,6,5,5,5,5,4,4,4,4,4,1,4,26,67,88,99,96,97,96,95,94,95,94,93,92,91,90,87,85,82,81,80,79,75,73,69,66,62,76,102,111,91,71,67,65,60,51,47,58,65,99,106,63,25,30,30,26,31,43,76,95,85,75,73,71,55,40,31,27,16,13,11,12,18,19,19,15,5,2,2,7,10,11,11,11,11,8,12,22,34,61,82,78,73,72,74,79,85,87,91,94,97,98,98,94,90,90,90,90,88,85,80,75,66,66
67,184,172,174,179,225,233,226,217,220,205,187,166,150,138,154,171,144,89,72,55,59,61,59,73,107,107,83,65,41,29,22,19,14,15,16,17,19,19,19,19,17,16,15,14,13,14,11,33,41,38,51,82,85,67,92,176,174,190,187,188,186,189,185,191,195,196,194,192,195,194,201,210,207,240,234,201,156,139,122,91,79,74,78,77,72,59,103,157,163,163,168,175,170,171,184,186,180,179,181,168,150,144,158,183,183,176,170,174,157,154,154,160,180,192,188,190,209,205,207,208,193,195,191,195,209,218,209,195,194,224,238,226,223,228,228,221,200,189,195,205,204,191,212,191,203,205,184,187,210,201,175,184,202,186,176,190,189,195,193,163,162,79,88,76,62,58,24,32,9,7,5,8,16,29,155,129,151,147,145,151,156,150,191,228,228,216,209,184,152,149,140,106,88,85,82,85,77,74,74,64,56,24,29,30,16,62,69,21,17,20,20,12,12,8,1,4,66,154,100,78,81,77,60,34,18,25,65,96,81,60,44,29,22,20,22,36,54,71,67,60,58,55,52,39,29,33,44,42,34,23,5,11,26,33,34,23,18,14,11,11,8,8,8,8,8,8,8,8,10,10,10,10,11,10,9,8,8,8,8,8,8,8,8,8,8,8,8,8,6,7,8,10,7,7,7,7,7,8,9,10,13,12,11,10,7,7,7,7,6,6,6,6,6,6,6,6,4,4,4,4,7,1,7,39,76,92,99,95,95,94,93,92,93,92,91,90,90,88,86,84,80,79,78,77,73,72,69,67,84,98,112,99,82,67,68,67,63,53,48,58,80,107,73,28,10,29,36,34,30,61,90,97,91,84,80,73,60,44,33,27,18,15,14,17,20,22,21,18,9,4,3,10,20,17,12,7,10,9,9,11,20,41,76,80,73,72,74,79,85,87,91,94,96,97,95,90,85,85,85,85,84,82,80,79,77,76
68,183,168,171,174,232,223,217,210,217,195,178,157,147,134,151,151,92,72,52,60,68,68,67,78,111,88,67,54,32,31,28,25,24,23,20,18,20,19,18,17,14,14,14,14,13,15,12,35,43,48,53,73,75,154,174,167,187,177,174,187,205,196,193,191,192,191,209,212,218,219,227,218,216,238,211,170,130,134,103,89,80,79,77,76,73,61,90,155,160,156,168,161,161,189,197,195,180,177,169,154,155,179,190,183,169,167,156,157,146,157,173,178,180,177,164,171,188,186,194,185,182,185,191,198,207,184,177,179,205,195,197,201,197,204,207,199,186,209,204,210,205,221,201,197,198,179,181,208,206,184,179,185,199,184,186,201,190,195,196,160,149,68,81,84,66,52,33,56,13,14,13,13,15,107,175,154,160,168,171,169,181,169,187,229,228,216,210,201,157,148,120,97,84,87,88,85,66,72,69,49,49,52,49,73,43,84,93,19,6,10,11,7,4,2,0,17,14,210,114,73,74,64,42,16,8,16,56,81,69,56,37,23,16,15,18,28,37,46,59,69,67,61,48,35,24,35,44,40,27,16,7,10,26,28,27,20,15,14,13,12,9,8,7,6,7,7,7,7,9,9,9,9,7,7,7,7,4,5,6,7,8,7,6,5,8,8,8,8,4,5,6,8,7,7,7,7,7,8,9,10,10,10,10,10,7,7,7,7,7,7,7,7,7,7,7,7,7,6,5,4,0,0,26,61,94,95,96,98,94,92,89,87,89,89,89,89,92,90,88,86,78,77,76,75,74,74,68,82,114,117,107,85,70,71,71,69,59,60,55,56,93,84,36,14,10,15,23,70,52,71,88,100,94,86,85,83,62,43,37,29,22,17,15,20,22,22,22,22,18,8,6,12,16,23,20,1,6,6,6,6,9,14,52,79,76,74,76,73,81,84,90,95,98,97,93,86,81,81,81,81,80,81,82,84,83,84
69,185,171,172,176,228,226,211,215,212,188,172,155,142,135,153,119,69,56,64,77,70,68,68,85,94,76,60,50,33,32,30,28,24,23,20,18,20,19,18,17,15,15,15,15,14,15,12,34,46,55,33,67,181,175,155,164,179,180,185,193,190,201,195,190,196,219,217,217,218,234,233,212,221,231,193,153,127,116,99,91,83,81,78,75,71,56,69,141,149,150,157,153,159,186,195,197,190,179,170,169,181,205,206,179,171,153,157,153,150,178,200,187,172,174,169,171,188,197,182,183,192,186,186,197,187,186,183,192,195,199,210,209,199,203,191,198,212,215,209,215,217,211,194,204,174,193,214,205,209,190,181,189,210,190,184,205,191,190,191,176,131,79,73,77,76,55,46,62,21,23,17,29,52,157,160,157,150,172,179,168,161,194,189,225,224,213,206,191,158,144,110,84,84,87,88,85,68,80,62,47,70,72,61,69,54,94,85,43,7,8,7,3,1,3,0,24,22,177,130,56,55,41,22,8,11,17,51,72,70,57,37,23,16,14,17,26,35,45,59,69,72,62,45,31,24,34,40,34,23,16,11,12,23,24,23,19,15,14,13,12,9,8,7,6,7,7,7,7,8,8,8,8,7,7,7,7,4,5,6,7,8,7,6,5,7,7,7,7,5,5,6,7,7,7,7,7,7,8,9,10,10,10,10,10,7,7,7,7,7,7,7,7,7,7,7,7,7,6,5,4,1,8,40,73,95,95,96,97,93,92,89,87,89,89,89,89,90,89,86,84,78,77,76,75,74,71,75,102,122,118,100,76,64,66,70,74,72,66,57,63,73,55,19,10,9,13,20,69,63,76,88,95,98,92,91,87,69,52,46,36,23,18,15,21,22,22,22,22,20,12,7,13,18,23,19,4,5,5,5,5,6,13,31,61,78,70,77,80,81,84,89,94,97,97,92,85,81,81,81,81,82,83,84,85,88,76
70,186,174,169,178,228,223,205,225,205,180,166,154,141,141,123,86,70,66,85,86,69,69,71,88,81,68,58,47,32,31,30,29,24,23,20,18,20,19,18,17,16,16,16,16,16,16,11,32,47,54,52,125,167,169,157,181,190,194,198,196,208,207,187,188,204,199,191,203,236,235,217,210,226,220,171,139,121,120,122,99,90,86,80,75,68,57,56,92,130,140,138,140,152,178,188,195,188,172,166,180,206,215,204,183,160,170,158,171,220,226,213,173,144,158,178,190,196,192,183,190,179,178,185,202,202,206,195,196,188,195,208,206,197,201,210,218,201,211,214,209,195,187,200,170,190,214,206,214,218,201,185,194,215,197,186,210,204,192,177,172,124,80,63,72,89,52,44,66,29,29,31,38,172,157,184,134,147,183,188,168,172,197,183,215,215,210,208,190,174,154,113,86,84,87,88,85,86,78,65,58,72,56,79,68,67,97,77,64,13,10,5,2,0,8,6,41,50,130,146,29,37,25,15,12,13,20,57,79,74,60,38,23,15,12,14,22,29,40,55,66,72,58,38,26,25,32,34,24,16,17,17,15,18,17,16,16,15,14,13,12,9,8,7,6,7,7,7,7,7,7,7,7,7,7,7,7,4,5,6,7,8,7,6,5,6,6,6,6,6,6,6,6,7,7,7,7,7,8,9,10,10,10,10,10,7,7,7,7,7,7,7,7,7,7,7,7,7,6,5,4,2,24,57,82,96,96,96,96,91,91,90,89,89,89,89,89,88,86,84,81,78,77,76,75,74,71,88,120,122,110,87,67,58,59,66,76,75,71,65,78,65,35,9,5,9,9,15,68,74,80,89,94,101,98,98,91,77,63,58,46,24,19,17,22,22,22,22,22,24,20,9,15,22,22,17,8,4,4,4,4,3,10,7,33,75,75,76,79,82,84,88,91,96,95,91,84,81,81,81,81,84,84,83,83,76,58
71,183,173,163,176,233,213,204,234,203,177,163,156,144,133,100,75,78,88,91,73,63,73,75,79,71,60,51,37,26,27,27,27,24,23,20,18,20,19,18,17,17,17,17,17,18,17,11,31,48,50,37,206,185,164,183,183,199,201,207,214,208,195,182,181,201,199,200,229,244,218,201,208,226,211,162,144,126,134,133,105,95,90,82,75,68,62,63,51,109,128,119,125,128,152,163,175,167,156,156,174,198,212,213,202,194,189,202,235,247,220,191,186,200,197,198,184,175,174,176,183,185,195,201,198,210,203,200,197,217,204,203,210,211,216,195,187,192,212,203,196,185,191,174,191,217,212,208,210,215,204,190,208,203,199,191,214,208,192,163,154,151,90,87,94,85,66,55,67,56,44,50,127,199,155,187,176,161,196,191,168,173,192,199,227,225,221,214,186,172,150,107,82,84,87,88,85,82,70,56,62,76,50,76,75,72,86,78,61,22,14,6,3,3,16,15,58,73,139,182,36,21,22,22,19,16,22,56,77,76,62,39,22,14,11,11,18,20,32,48,61,62,48,30,24,25,30,28,16,10,18,23,17,14,11,10,13,15,14,13,12,9,8,7,6,7,7,7,7,6,6,6,6,7,7,7,7,4,5,6,7,8,7,6,5,5,5,5,5,8,7,6,4,7,7,7,7,7,8,9,10,10,10,10,10,7,7,7,7,7,7,7,7,7,7,7,7,7,6,5,4,15,48,77,93,98,97,96,94,90,90,90,90,89,89,89,89,86,84,81,79,78,77,76,75,75,77,100,121,107,93,74,65,59,57,62,74,78,80,73,74,50,20,11,5,9,6,11,66,95,90,89,84,99,99,101,91,80,69,65,50,25,20,18,23,22,22,22,22,27,27,11,17,25,22,16,13,3,3,3,3,3,6,1,11,47,80,77,79,82,84,86,88,95,94,90,83,81,81,81,81,82,81,79,78,76,70
72,180,167,158,177,233,195,221,232,192,174,160,160,146,123,86,75,87,95,80,63,72,69,85,69,57,57,41,28,24,24,24,24,20,20,20,20,15,15,17,18,21,21,21,21,16,16,12,24,49,42,58,200,171,185,190,205,212,218,221,215,209,203,195,187,191,198,228,236,227,196,191,202,228,203,156,155,146,144,137,123,101,89,83,77,70,67,61,56,81,89,85,79,90,109,124,143,113,106,123,133,162,194,204,199,195,201,242,227,215,187,189,202,196,194,188,184,190,185,191,194,203,194,206,202,206,215,211,215,217,198,223,187,207,187,186,193,201,201,186,188,185,177,179,212,229,219,208,207,205,206,182,218,209,206,189,224,196,182,157,139,135,181,144,137,115,82,75,63,71,82,124,173,171,149,195,185,164,196,185,169,185,211,214,223,222,232,211,180,173,155,111,94,83,87,90,89,78,72,71,79,80,66,80,71,80,78,64,56,50,10,13,8,0,31,22,70,113,176,175,48,23,19,17,19,23,37,43,50,60,64,47,24,14,9,8,13,20,25,44,58,56,44,28,22,26,25,21,18,16,20,20,14,10,11,11,13,14,13,12,11,9,8,7,6,6,6,6,6,6,6,6,6,6,6,6,6,5,5,5,5,6,6,6,6,5,5,5,5,6,6,6,6,4,5,6,7,7,7,7,7,8,8,8,8,9,8,7,6,6,6,6,6,7,7,7,7,4,5,2,6,37,67,85,97,93,93,91,90,90,90,90,90,90,90,90,90,85,83,78,74,78,77,76,75,74,79,103,108,96,85,72,65,57,53,52,72,89,82,72,49,9,8,7,6,7,6,16,49,120,95,81,85,93,103,96,93,81,69,67,47,23,23,23,23,22,17,16,23,27,27,8,17,26,29,17,7,5,5,5,5,3,3,3,4,4,61,80,84,81,83,87,91,92,93,93,89,87,86,85,84,83,81,77,73,71,71
73,179,167,159,179,227,206,236,217,184,170,164,161,137,111,83,90,101,85,71,65,61,89,75,60,50,51,37,25,23,23,23,23,20,20,20,20,15,16,17,19,21,21,21,21,18,17,14,22,44,41,79,192,180,197,206,220,234,237,238,229,220,207,200,204,214,228,233,231,215,189,187,199,224,202,160,154,134,167,142,131,116,101,90,81,72,69,64,60,63,78,77,64,63,90,112,125,94,77,84,94,125,161,176,171,166,225,227,211,194,189,210,213,198,194,192,200,195,197,204,200,191,189,188,198,212,209,191,208,194,197,169,177,192,185,210,211,214,190,202,182,177,174,191,228,228,193,206,204,203,202,181,209,187,218,183,222,188,181,158,143,135,164,174,163,183,172,158,179,175,176,182,162,160,175,202,171,157,199,196,166,187,226,238,232,229,231,211,184,170,147,107,94,86,89,91,89,86,82,81,87,88,69,77,77,72,71,59,53,56,35,13,18,28,39,32,76,168,187,185,54,19,14,18,35,42,44,36,29,35,46,39,21,11,7,6,13,20,25,43,57,54,41,26,20,23,22,19,17,16,14,11,12,9,10,11,12,14,13,12,11,9,8,7,6,6,6,6,6,6,6,6,6,6,6,6,6,5,5,5,5,6,6,6,6,5,5,5,5,6,6,6,6,4,5,6,7,7,7,7,7,8,8,8,8,9,8,7,6,6,6,6,6,7,7,7,7,5,4,3,13,47,75,89,98,93,92,91,89,89,89,89,89,89,89,89,89,85,83,79,76,79,78,77,76,75,78,98,100,88,80,70,64,55,50,48,66,81,86,56,20,10,9,8,7,5,5,13,45,125,97,79,82,87,104,100,91,87,73,63,40,22,22,22,22,21,16,16,22,26,27,8,18,27,29,19,8,6,6,6,6,4,4,4,4,10,13,68,80,84,86,90,93,95,96,94,89,88,87,86,85,83,80,76,73,70,70
74,179,167,160,182,223,224,242,201,175,167,170,157,121,106,85,88,95,78,72,66,85,85,65,60,42,43,32,23,22,22,22,22,20,20,20,20,17,17,19,20,21,21,21,21,22,17,17,19,38,43,94,186,182,205,219,234,242,248,241,211,209,205,206,213,227,227,235,219,195,175,180,193,218,200,167,153,143,182,160,137,125,109,94,80,74,72,68,65,72,92,96,84,80,108,135,144,110,74,61,66,98,144,165,150,174,239,221,208,197,207,206,211,219,210,204,209,204,190,190,192,195,197,208,209,203,191,186,183,153,163,185,177,189,208,217,214,209,190,189,193,179,178,204,235,215,185,192,204,199,197,186,204,183,217,195,217,174,160,160,146,119,157,187,186,196,167,173,190,181,172,170,181,164,177,223,131,186,201,194,184,213,234,237,227,233,221,203,186,165,133,98,95,90,93,93,91,85,84,85,88,92,73,75,81,57,59,51,48,56,61,28,33,50,43,38,84,158,172,202,69,19,27,39,48,55,48,33,15,14,32,33,18,9,6,7,14,21,25,42,54,50,37,22,16,17,17,16,15,15,9,6,8,8,9,9,11,14,13,12,11,9,8,7,6,6,6,6,6,6,6,6,6,6,6,6,6,5,5,5,5,6,6,6,6,5,5,5,5,6,6,6,6,4,5,6,7,7,7,7,7,8,8,8,8,9,8,7,6,6,6,6,6,7,7,7,7,8,4,5,27,63,87,94,97,91,91,89,88,88,88,88,88,88,88,88,88,84,83,81,79,80,79,78,77,78,77,89,86,74,72,66,61,55,49,43,59,78,77,33,14,11,10,9,8,6,5,13,39,135,100,75,77,82,103,101,91,93,78,56,33,21,21,21,21,20,15,14,21,24,25,8,19,28,28,25,8,7,7,7,7,8,7,5,3,1,1,32,78,85,87,91,94,96,98,97,93,94,93,92,90,85,83,79,76,73,73
75,179,167,162,184,227,240,230,199,174,167,174,149,110,96,78,86,84,74,63,72,88,64,59,46,38,41,32,25,21,21,21,21,20,20,20,20,18,18,20,21,21,21,21,21,25,17,20,16,36,47,85,188,184,211,230,245,247,242,228,215,213,200,199,219,224,226,225,201,178,163,175,189,213,198,174,152,157,193,160,156,132,116,101,89,76,74,72,70,74,92,102,103,113,131,153,164,145,101,84,96,121,147,157,158,205,213,210,197,198,200,208,218,217,230,233,216,188,180,187,197,208,219,203,200,183,182,167,171,175,188,187,205,193,199,193,197,180,181,187,169,177,178,211,237,213,194,192,191,195,196,197,209,190,221,210,204,168,169,159,144,130,161,184,199,215,168,201,174,179,169,147,159,166,195,231,113,191,206,204,189,227,234,234,224,240,211,187,172,160,121,91,95,94,96,95,91,85,87,88,88,86,77,76,78,45,48,44,45,47,63,55,46,55,50,45,102,171,161,180,75,48,51,55,55,48,41,37,26,20,38,37,18,11,9,11,19,21,25,40,51,47,34,19,12,12,12,13,13,10,11,11,8,7,8,8,10,14,13,12,11,9,8,7,6,6,6,6,6,6,6,6,6,6,6,6,6,5,5,5,5,6,6,6,6,5,5,5,5,6,6,6,6,4,5,6,7,7,7,7,7,8,8,8,8,9,8,7,6,6,6,6,6,7,7,7,7,10,3,7,38,73,93,94,92,90,90,88,87,87,87,87,87,87,87,87,87,84,83,82,81,81,80,79,78,80,75,82,73,62,64,64,58,59,51,43,57,83,76,39,26,12,11,10,9,9,9,15,38,143,103,72,72,84,99,95,93,92,79,52,32,20,20,20,20,18,14,13,19,23,25,9,20,29,28,29,9,8,8,8,8,10,9,6,3,4,6,6,52,82,84,88,92,91,96,101,102,102,101,100,99,91,89,85,82,79,79
76,181,166,162,193,239,242,225,189,173,174,173,132,100,76,71,89,87,64,59,75,68,56,50,33,44,45,38,30,22,26,27,22,22,22,22,22,20,21,22,23,20,21,22,23,23,22,21,20,20,38,77,199,187,212,240,248,237,223,203,194,182,194,209,217,218,220,204,181,160,148,179,182,208,204,175,159,150,197,176,153,136,119,115,99,84,74,78,77,84,102,116,126,129,143,160,168,151,124,120,127,156,163,162,191,202,210,189,183,181,196,221,218,224,233,208,205,185,190,209,214,225,202,195,174,169,164,177,173,186,192,218,196,198,202,183,176,170,189,164,179,170,186,215,236,218,196,178,185,196,194,190,205,202,219,216,191,153,155,160,162,143,168,200,209,200,168,192,176,199,170,172,166,174,209,215,96,181,200,210,191,232,237,246,235,233,191,184,172,149,108,100,95,88,91,93,91,87,83,87,87,77,86,78,74,39,38,37,36,48,53,59,60,60,45,66,112,219,192,149,78,71,61,59,56,44,29,36,45,43,56,52,36,20,17,18,26,33,30,34,48,42,34,20,9,11,12,13,14,13,11,9,6,7,8,9,10,15,14,11,9,9,8,7,6,4,4,4,4,5,5,5,5,5,5,5,5,5,5,5,5,3,4,5,6,6,6,6,6,3,4,5,6,6,6,6,6,7,7,7,7,8,8,8,8,7,7,7,7,7,7,7,7,6,6,6,6,6,1,15,53,82,91,97,93,90,90,90,90,86,86,87,87,85,85,85,85,84,84,84,84,84,83,80,78,70,76,75,62,56,59,62,62,58,59,60,62,82,80,47,26,10,9,9,10,10,24,24,47,143,110,74,71,90,101,94,95,91,77,48,28,19,19,21,22,16,17,20,22,29,18,12,21,27,29,34,11,7,9,11,13,10,11,10,5,3,7,2,22,73,89,84,87,86,91,100,108,106,104,102,100,97,93,89,89,87,87
77,185,176,169,206,244,235,214,187,178,165,149,116,85,76,82,94,82,68,65,68,57,48,42,30,52,39,28,29,25,27,26,23,22,22,22,22,20,21,22,23,20,21,22,23,24,23,22,21,17,32,68,204,190,217,244,245,228,215,198,190,188,198,208,211,203,200,187,165,142,129,161,178,207,205,176,159,157,197,171,158,141,131,117,105,89,81,82,84,98,120,134,137,139,151,166,172,169,150,148,147,156,166,183,201,206,181,175,173,192,216,215,225,227,203,194,186,183,209,200,218,201,180,167,171,178,184,184,189,211,189,190,183,196,187,171,169,179,174,176,168,178,193,220,238,225,198,183,190,190,192,189,197,209,210,234,165,150,149,160,170,157,163,191,217,216,193,186,193,200,167,175,190,191,184,199,101,182,193,207,202,231,239,244,236,207,181,173,168,158,108,94,93,89,91,92,89,80,81,88,83,78,85,80,72,37,36,35,33,31,42,59,70,68,72,85,98,158,171,103,78,69,61,60,55,39,31,45,55,54,51,39,38,48,32,23,31,37,34,36,45,43,35,22,11,11,12,13,14,15,14,11,9,7,8,9,10,15,14,11,9,9,8,7,6,4,4,4,4,5,5,5,5,5,5,5,5,5,5,5,5,3,4,5,6,6,6,6,6,3,4,5,6,6,6,6,6,7,7,7,7,8,8,8,8,7,7,7,7,7,7,7,7,6,6,6,6,5,4,23,59,84,91,95,92,90,90,90,90,86,86,86,86,84,84,84,84,83,83,83,83,85,84,81,79,74,78,73,60,56,60,64,64,66,67,68,69,89,97,50,16,12,9,8,11,15,31,37,45,141,118,76,74,87,98,92,94,91,77,53,31,17,18,19,20,16,17,20,22,27,17,12,21,27,28,34,15,7,9,12,14,12,13,11,6,5,4,6,13,58,83,82,85,86,91,100,108,109,108,105,103,98,94,91,91,93,93
78,186,187,174,222,243,227,204,190,178,168,140,99,75,81,95,96,75,68,64,56,49,45,39,36,51,25,16,25,30,28,25,23,22,22,22,22,20,21,22,23,20,21,22,23,25,24,23,22,16,25,50,208,193,223,247,237,225,214,201,197,199,204,206,202,192,181,170,150,130,121,153,182,204,206,178,158,160,198,169,167,152,142,122,113,98,92,90,96,112,131,140,140,137,150,167,175,179,165,165,156,157,177,206,194,194,170,165,184,220,217,230,221,197,186,185,187,196,195,212,188,170,156,171,170,185,192,185,170,174,166,177,182,180,162,159,160,166,164,164,178,190,202,225,240,235,200,187,197,195,197,193,196,217,200,209,133,153,151,163,168,162,168,186,215,207,202,188,199,186,163,199,194,168,136,170,113,159,195,212,211,229,242,239,237,185,170,169,168,162,108,92,93,89,91,90,86,84,80,80,71,78,83,82,69,33,32,31,29,36,43,51,55,59,68,75,82,80,73,74,77,70,66,66,57,30,29,47,52,56,43,25,31,51,48,45,45,45,41,40,41,41,34,22,13,11,12,13,14,15,15,12,10,7,8,9,10,15,14,11,9,9,8,7,6,4,4,4,4,5,5,5,5,5,5,5,5,5,5,5,5,3,4,5,6,6,6,6,6,3,4,5,6,6,6,6,6,7,7,7,7,8,8,8,8,7,7,7,7,7,7,7,7,6,6,6,6,3,11,37,70,89,91,92,92,90,90,90,90,87,86,84,83,83,83,83,83,82,82,82,82,84,82,79,77,76,77,71,61,59,64,70,71,76,77,79,80,89,102,78,19,16,10,7,13,26,47,49,42,131,125,71,73,81,93,88,92,87,73,57,34,15,15,17,18,16,17,20,22,24,14,11,21,27,26,34,20,7,9,13,17,14,15,14,9,5,4,7,8,33,73,77,81,86,91,100,108,112,110,107,105,99,96,94,95,101,101
79,180,190,171,229,233,223,207,198,179,164,127,91,85,88,96,91,73,62,54,44,39,39,33,38,48,22,23,35,34,30,24,23,22,22,22,22,20,21,22,23,20,21,22,23,26,25,24,23,22,21,33,207,192,225,246,226,219,211,202,201,208,209,205,194,182,164,155,137,123,124,156,182,202,206,180,157,140,192,178,187,164,141,127,117,105,102,96,107,127,134,136,143,149,159,170,172,180,162,158,153,172,216,199,188,172,164,170,214,230,225,215,202,193,173,177,171,185,197,173,180,176,171,181,194,201,183,167,168,163,169,180,176,162,149,165,162,164,165,174,187,197,207,226,238,240,197,187,199,202,195,186,195,227,191,206,167,165,143,151,177,168,177,166,207,215,208,185,210,187,167,189,156,167,143,167,122,140,201,204,217,227,245,236,239,182,162,173,170,153,108,97,94,90,90,89,84,82,71,70,73,79,81,84,66,29,29,27,26,30,38,47,52,52,63,70,79,76,75,77,73,74,73,73,62,38,38,51,44,34,40,41,49,52,52,51,52,51,48,43,37,35,29,19,10,11,12,13,14,14,12,10,7,7,8,9,10,15,14,11,9,9,8,7,6,4,4,4,4,5,5,5,5,5,5,5,5,5,5,5,5,3,4,5,6,6,6,6,6,3,4,5,6,6,6,6,6,7,7,7,7,8,8,8,8,7,7,7,7,7,7,7,7,6,6,6,6,1,17,48,79,92,91,90,91,90,90,90,90,87,86,83,80,82,82,82,82,81,81,81,81,79,77,75,72,73,73,70,66,66,72,78,80,82,83,84,85,98,113,101,56,19,10,6,15,35,65,49,41,129,138,74,78,76,88,85,90,80,66,57,33,12,13,14,16,16,17,20,22,22,12,10,21,27,25,33,24,6,9,15,20,17,18,16,11,4,8,3,13,12,65,73,78,86,91,100,108,110,109,106,104,99,97,96,99,104,104
80,172,175,163,228,228,221,208,197,175,153,100,92,84,82,92,94,77,52,41,30,35,34,28,47,44,22,36,43,33,31,27,23,22,22,22,22,23,23,25,26,23,24,24,25,25,25,25,25,20,16,19,213,195,226,232,224,210,212,203,203,200,202,187,185,166,148,137,133,147,139,153,179,204,213,183,159,150,184,185,174,164,150,137,122,107,102,104,119,128,139,139,151,170,166,169,172,186,165,149,168,224,200,172,146,150,156,214,230,227,213,201,192,185,180,188,195,184,165,165,164,171,190,201,189,189,174,168,168,180,183,170,156,151,154,173,175,165,166,184,200,202,214,212,242,243,203,188,197,210,194,185,199,212,221,192,161,144,142,146,172,157,171,164,200,221,219,191,210,187,186,178,174,178,181,168,121,111,196,220,211,231,238,240,219,181,166,181,193,163,107,89,93,92,90,88,85,80,70,71,74,74,88,89,44,24,22,21,23,28,33,40,42,43,50,61,69,68,72,74,74,74,75,72,64,58,53,52,43,33,49,65,65,62,52,47,56,56,53,48,38,30,21,12,12,8,10,14,17,14,6,6,5,6,7,7,9,14,15,13,8,10,9,8,7,4,4,4,4,4,4,4,4,5,5,5,5,5,5,5,5,4,4,4,4,6,6,6,6,5,5,5,5,6,6,6,6,7,7,7,7,9,9,9,9,5,5,5,5,6,6,6,6,5,5,5,5,0,27,60,84,91,90,89,88,88,88,88,88,85,81,77,77,79,79,79,79,78,77,76,75,74,72,69,68,65,63,64,65,70,80,83,86,90,89,88,86,93,113,115,114,76,28,9,12,40,58,44,56,150,155,80,85,81,89,92,84,72,66,59,29,14,14,16,17,12,20,21,26,16,10,9,19,26,27,28,29,9,5,15,18,29,20,22,18,8,6,4,7,8,37,72,77,85,93,102,103,102,101,99,98,97,93,91,92,94,98
81,166,171,164,223,218,212,197,181,171,139,101,93,85,93,92,91,68,44,45,33,37,14,43,63,35,25,39,37,31,30,26,23,22,22,22,22,23,24,25,27,24,24,24,24,25,25,25,25,25,21,21,214,197,227,230,220,211,203,205,200,193,171,162,174,150,140,141,144,141,134,145,174,206,216,186,162,150,182,189,177,161,149,139,127,111,106,108,119,128,140,141,153,172,170,170,174,175,159,153,202,203,182,140,125,158,190,234,232,210,195,200,205,204,197,210,196,168,177,170,171,193,211,190,165,175,170,177,185,192,179,178,154,158,179,186,173,165,168,188,205,207,214,210,234,240,200,183,188,202,207,195,197,232,241,167,137,155,148,143,183,155,170,141,180,220,221,194,202,182,187,178,177,177,188,185,168,111,214,230,206,235,242,239,205,175,154,170,192,166,110,92,95,94,93,90,88,85,74,72,73,76,82,92,28,23,20,19,22,26,32,38,40,41,47,58,65,65,68,70,69,72,71,69,64,56,53,53,45,41,55,68,68,61,53,48,54,54,51,45,36,27,18,9,8,8,10,14,17,14,6,6,5,5,6,7,8,13,14,13,9,10,9,8,7,4,4,4,4,4,4,4,4,5,5,5,5,5,5,5,5,4,4,4,4,6,6,6,6,5,5,5,5,6,6,6,6,7,7,7,7,9,9,9,9,5,5,5,5,6,6,6,6,5,5,5,5,6,36,66,85,90,90,88,87,89,89,89,89,83,79,75,76,77,77,77,77,76,75,74,72,69,66,62,58,55,51,52,56,72,82,87,92,92,90,87,84,95,114,121,131,147,127,77,27,16,53,27,78,158,157,98,90,85,90,90,79,65,61,58,31,13,13,15,16,17,25,24,27,15,9,8,18,25,26,27,28,17,7,9,16,27,22,23,21,9,6,5,8,8,33,67,76,82,91,100,100,99,98,97,96,93,90,87,89,95,99
82,168,173,170,217,221,198,173,162,168,128,98,86,92,104,95,87,57,46,50,23,18,36,67,51,26,26,37,29,28,27,25,23,22,22,22,22,25,25,27,28,26,25,24,22,25,25,25,25,21,20,23,219,199,227,226,212,191,199,200,200,185,165,167,167,152,145,146,145,134,129,135,168,204,214,186,163,146,177,192,180,165,154,145,134,118,115,115,121,129,141,144,158,173,175,169,173,167,160,208,217,178,168,137,163,175,232,232,214,194,193,207,219,212,214,197,163,185,167,195,216,208,193,182,179,179,177,184,188,184,159,156,151,176,187,179,171,170,175,195,207,210,211,209,227,243,206,191,193,204,225,213,203,220,248,151,152,155,147,130,186,156,168,134,167,234,219,187,198,174,189,177,182,175,171,201,196,112,226,227,214,239,229,224,204,161,148,164,170,152,99,87,96,95,94,91,89,87,76,75,76,78,78,86,14,20,18,17,19,24,29,35,37,38,43,52,59,68,70,71,68,65,62,61,59,54,52,55,50,51,60,67,67,61,55,50,52,53,50,44,35,24,15,7,6,8,10,14,17,14,6,6,5,4,5,5,7,11,13,14,10,10,9,8,7,4,4,4,4,4,4,4,4,5,5,5,5,5,5,5,5,4,4,4,4,6,6,6,6,5,5,5,5,6,6,6,6,7,7,7,7,9,9,9,9,5,5,5,5,6,6,6,6,5,5,5,5,18,47,73,84,86,85,84,83,86,86,86,86,81,77,73,73,73,73,73,73,72,71,70,68,63,64,61,54,49,41,38,43,70,83,90,97,96,92,86,81,87,111,127,143,155,161,160,133,84,41,18,92,159,164,104,92,90,94,91,77,64,62,62,38,14,15,16,17,23,29,26,27,14,7,7,17,24,25,26,27,24,13,3,10,21,23,22,23,10,8,7,9,9,27,59,74,81,90,99,99,98,97,96,95,94,90,88,89,96,100
83,182,185,181,213,223,193,168,173,148,119,94,87,104,106,102,86,56,44,32,25,50,68,53,25,25,25,30,25,26,25,24,23,22,22,22,22,26,26,28,29,28,26,23,21,25,25,25,25,25,22,18,212,202,228,223,206,189,196,198,192,177,168,167,154,149,142,138,130,118,115,116,152,192,205,181,162,139,169,191,178,177,164,152,138,124,122,121,122,130,143,147,161,170,176,165,168,165,197,228,199,178,145,163,170,238,238,222,193,207,209,230,226,213,193,171,174,180,207,226,205,186,176,184,159,187,183,185,181,166,154,163,173,179,175,174,167,180,185,200,205,207,206,209,225,239,208,198,201,208,220,215,201,236,229,156,131,148,150,126,187,165,164,142,146,238,222,194,192,167,190,176,186,166,159,195,202,137,195,224,215,236,222,218,201,166,154,169,175,154,100,85,92,93,91,89,86,84,75,78,83,79,83,67,16,18,15,14,17,21,27,33,35,35,39,47,53,63,64,64,60,56,51,50,52,52,52,57,54,53,57,59,59,61,57,51,50,55,52,46,37,26,17,8,7,8,10,14,17,14,6,6,5,3,4,4,6,10,13,14,12,10,9,8,7,4,4,4,4,4,4,4,4,5,5,5,5,5,5,5,5,4,4,4,4,6,6,6,6,5,5,5,5,6,6,6,6,7,7,7,7,9,9,9,9,5,5,5,5,6,6,6,6,5,5,5,5,24,53,76,80,79,78,77,76,80,80,80,80,78,74,71,71,70,70,70,70,68,68,66,65,63,69,71,65,57,42,31,33,66,80,89,98,99,94,86,79,83,118,141,150,159,169,157,162,156,130,79,42,102,170,112,94,92,97,96,84,76,73,71,45,19,20,21,22,25,30,24,23,12,6,6,16,23,24,25,26,23,21,6,2,12,20,18,22,11,9,8,10,9,22,51,72,83,92,101,102,100,100,98,97,101,98,95,97,97,101
84,192,205,179,222,226,196,184,177,130,107,84,98,103,104,100,71,39,26,30,59,80,52,30,23,25,25,25,25,27,27,27,27,25,25,25,25,24,26,29,31,22,22,24,25,23,24,24,25,19,22,21,188,201,224,224,206,197,198,193,178,166,148,150,136,141,123,123,107,104,94,114,164,213,211,180,154,126,159,199,179,189,167,153,141,130,131,122,127,146,146,151,160,165,169,176,184,203,219,223,184,158,181,199,231,236,221,204,199,233,233,233,211,186,178,173,188,207,235,199,193,180,188,175,185,206,192,180,174,165,156,173,178,184,185,184,173,182,199,210,202,195,205,202,231,234,219,203,199,205,216,203,208,228,212,166,134,148,155,134,174,166,165,132,130,238,215,209,189,163,179,160,182,145,185,198,207,174,191,231,233,235,224,220,193,162,152,161,174,151,99,85,87,90,94,87,82,80,78,79,85,87,88,39,24,14,15,16,17,23,26,31,35,38,39,41,42,54,53,51,49,47,42,42,48,50,51,53,54,52,50,44,53,57,55,51,50,56,61,54,44,35,18,9,8,7,7,10,16,9,5,3,3,5,5,5,5,9,9,9,9,9,11,10,7,4,4,4,4,4,4,4,4,5,5,5,5,5,5,5,5,5,5,5,5,4,4,4,4,5,5,5,5,6,6,6,6,8,8,8,8,9,9,9,9,5,5,5,5,4,4,4,4,4,3,5,7,31,57,74,73,72,70,67,65,66,69,73,76,71,70,69,67,66,66,65,62,63,61,62,69,79,83,86,86,76,58,37,30,58,84,95,98,100,95,89,80,82,126,148,159,165,153,156,159,149,153,148,133,121,157,127,88,104,108,97,85,79,80,74,62,45,39,34,23,21,30,26,15,7,9,7,16,21,20,21,25,28,27,25,7,8,5,10,25,16,9,10,11,8,23,51,59,83,101,103,108,104,104,104,104,104,103,102,101,105,105
85,200,198,171,229,238,180,170,155,126,113,98,109,110,105,88,56,33,50,70,79,60,38,24,22,26,26,26,26,27,27,27,27,26,26,26,26,30,29,28,27,22,23,24,26,24,24,24,24,21,23,22,172,207,224,220,205,197,196,184,164,140,121,121,106,109,100,102,94,99,101,122,164,205,205,176,152,129,150,208,189,199,176,151,134,134,134,131,138,136,143,150,151,169,173,185,201,220,231,207,174,192,192,214,244,228,200,190,222,235,236,226,182,181,185,193,217,231,206,191,187,184,181,183,215,201,183,185,174,168,164,188,182,180,180,180,174,190,201,215,198,190,211,208,229,236,217,198,199,199,205,201,203,214,197,181,127,151,150,136,161,174,143,131,140,235,210,200,195,164,188,161,176,166,205,207,213,227,226,240,231,227,215,206,182,167,159,172,183,123,87,87,86,89,94,88,83,75,74,76,81,89,97,25,18,13,14,15,16,21,24,29,34,37,37,38,39,42,42,41,40,41,36,36,42,48,48,50,51,52,51,43,46,53,53,52,52,56,61,54,44,35,18,9,8,7,7,10,16,9,5,3,3,5,5,5,5,9,9,9,9,9,11,10,7,4,4,4,4,4,4,4,4,5,5,5,5,5,5,5,5,5,5,5,5,4,4,4,4,5,5,5,5,6,6,6,6,8,8,8,8,9,9,9,9,5,5,5,5,4,4,4,4,5,2,5,11,38,59,70,66,65,63,60,58,60,62,66,70,68,67,66,64,65,63,60,58,60,63,70,79,88,93,99,100,94,77,54,42,52,80,94,100,104,98,88,80,93,133,151,160,159,157,159,155,148,155,162,161,164,152,129,97,99,92,86,80,74,74,68,57,46,55,57,46,30,30,19,13,7,9,7,16,22,20,20,24,30,29,28,14,5,3,9,25,17,9,10,10,7,25,47,54,83,104,108,112,106,106,106,106,110,109,107,106,107,107
86,201,190,170,236,215,139,141,127,124,127,123,127,116,109,83,56,55,78,86,60,36,23,20,23,27,27,27,27,27,27,27,27,27,27,27,27,33,31,27,24,24,24,26,27,26,25,24,22,24,25,24,144,217,226,215,202,193,188,169,143,118,100,101,88,92,96,96,99,99,110,125,158,202,204,179,159,160,149,206,192,194,179,157,146,152,144,140,142,144,146,156,169,165,176,195,212,222,208,192,192,195,217,242,221,194,197,214,237,237,221,201,170,173,195,234,227,211,201,200,188,199,189,213,210,197,194,177,162,163,172,191,178,178,176,177,180,197,204,211,194,188,209,211,229,237,218,200,201,198,200,208,211,209,200,191,131,164,158,143,151,165,141,132,142,223,210,201,198,165,193,166,170,179,215,208,223,230,226,240,234,213,218,211,179,144,134,145,144,123,87,87,89,87,93,88,84,81,83,86,88,92,84,11,11,12,13,14,15,18,21,27,31,34,34,34,34,36,36,37,37,33,28,28,34,44,44,46,47,53,52,39,35,44,46,49,53,56,61,54,44,35,18,9,8,7,7,10,16,9,5,3,3,5,5,5,5,9,9,9,9,9,11,10,7,4,4,4,4,4,4,4,4,5,5,5,5,5,5,5,5,5,5,5,5,4,4,4,4,5,5,5,5,6,6,6,6,8,8,8,8,9,9,9,9,5,5,5,5,4,4,4,4,6,2,6,18,44,60,64,58,56,54,51,49,52,55,59,62,62,62,60,59,61,58,57,60,65,73,85,95,102,107,113,114,104,94,72,52,48,76,92,99,104,102,88,85,109,142,152,159,156,160,158,151,156,154,153,154,160,149,118,79,69,68,62,49,49,49,43,31,18,23,20,25,32,29,15,11,7,9,7,16,24,22,20,22,30,29,31,23,4,1,6,21,19,10,10,9,9,31,45,47,80,105,114,117,110,110,110,110,116,115,114,113,111,111
87,188,189,182,236,174,101,106,95,100,114,115,108,101,98,77,65,81,82,67,37,28,20,23,26,28,28,28,28,27,27,27,27,28,28,28,28,31,29,27,26,25,25,27,28,28,26,23,21,26,26,25,121,225,227,210,200,184,178,157,130,108,93,99,91,100,113,108,117,122,129,130,162,195,199,178,161,149,144,200,178,186,182,167,165,159,146,145,146,146,152,157,157,165,188,212,217,219,194,172,199,224,246,223,198,191,210,234,244,231,195,178,189,215,223,223,217,194,198,192,188,204,214,216,196,203,193,170,161,163,187,188,181,180,175,178,188,195,203,194,193,191,197,206,232,235,226,212,203,192,197,209,221,211,186,191,134,147,155,141,156,179,140,126,144,205,211,200,170,166,187,176,172,187,212,192,216,237,233,239,217,209,212,200,179,159,142,142,125,109,89,99,92,86,92,88,86,85,90,94,93,94,46,10,12,11,12,13,14,16,19,24,29,33,32,29,29,31,32,32,35,30,25,25,31,41,41,43,44,54,53,37,25,32,36,43,49,56,61,54,44,35,18,9,8,7,7,10,16,9,5,3,3,5,5,5,5,9,9,9,9,9,11,10,7,4,4,4,4,4,4,4,4,5,5,5,5,5,5,5,5,5,5,5,5,4,4,4,4,5,5,5,5,6,6,6,6,8,8,8,8,9,9,9,9,5,5,5,5,4,4,4,4,7,2,7,24,45,57,59,56,51,50,47,45,49,51,55,59,58,57,56,55,56,53,58,70,78,88,101,107,113,115,117,114,108,105,88,65,49,76,89,93,99,101,88,94,120,147,149,154,159,160,150,150,156,150,150,159,156,141,96,44,70,83,61,43,42,42,36,25,13,20,7,9,22,27,20,11,7,9,7,16,26,22,20,21,27,25,30,28,9,3,2,12,20,11,9,8,14,40,46,46,73,103,115,117,113,113,113,113,118,117,116,115,114,114
88,171,185,194,240,152,95,105,89,68,69,99,91,77,88,72,76,76,79,55,31,25,25,25,25,29,29,29,29,25,28,29,21,26,23,30,31,30,28,26,29,28,28,30,31,29,25,21,21,27,22,21,105,229,226,208,189,188,174,149,129,114,104,108,109,118,130,135,142,141,150,152,176,198,191,179,148,142,141,209,145,168,190,166,166,163,158,150,146,142,144,154,152,174,203,211,211,214,179,174,219,252,226,175,153,207,237,248,226,197,194,201,218,220,233,223,218,205,195,177,197,217,222,201,209,193,165,158,165,176,191,183,183,180,175,192,192,197,190,193,196,193,192,199,229,231,227,205,202,186,197,200,220,201,189,197,137,146,155,156,176,174,143,121,117,182,204,187,177,171,172,199,183,190,215,187,204,249,233,224,204,183,207,196,186,172,165,133,132,133,113,96,99,99,82,93,82,69,94,99,96,85,11,14,8,11,12,13,14,15,18,23,27,31,30,27,26,29,29,30,32,29,24,24,30,41,38,36,41,51,60,36,17,20,22,38,48,54,56,55,46,34,17,8,7,6,7,16,16,4,4,4,4,5,5,5,5,8,8,8,8,8,11,12,9,5,5,5,5,4,4,4,4,5,5,5,5,4,4,4,4,5,5,5,5,4,4,4,4,5,5,5,5,7,7,7,7,8,8,8,8,10,10,10,10,7,6,5,4,4,4,4,4,5,6,8,34,51,59,58,57,57,56,52,50,50,51,54,55,59,56,52,50,45,57,70,87,99,104,111,117,119,119,117,116,115,113,108,87,69,71,90,90,99,101,94,105,133,147,143,153,158,152,148,150,154,154,155,158,142,131,71,22,37,134,155,79,42,42,37,29,21,12,6,9,17,23,29,9,9,9,12,19,28,21,19,25,29,29,29,29,15,2,2,8,15,10,7,10,30,41,44,44,57,101,119,121,118,117,116,115,116,116,116,116,115,115
89,151,182,195,234,157,110,125,78,25,48,110,80,64,65,66,75,82,75,52,32,30,31,33,34,28,28,28,28,25,28,28,21,26,23,29,31,31,28,27,30,28,29,30,32,30,26,23,23,27,23,22,104,224,218,204,189,184,174,154,137,124,118,120,123,125,137,144,154,153,151,165,185,201,192,177,151,143,132,204,125,141,187,183,167,160,156,142,151,144,137,143,162,176,220,204,210,171,164,206,251,225,199,154,200,237,244,232,211,200,202,214,229,235,214,213,197,193,182,189,220,227,221,193,194,172,155,151,170,182,190,181,180,176,185,195,194,192,189,193,187,187,192,206,225,225,235,216,194,183,195,207,220,203,189,198,142,146,160,163,169,171,144,138,110,190,183,168,177,182,176,172,141,209,209,189,210,245,228,185,174,196,206,179,181,160,155,145,119,128,105,90,100,107,98,88,87,83,95,94,102,41,6,14,13,11,12,13,14,17,18,22,25,28,28,26,26,27,28,29,30,27,21,22,28,38,34,31,36,41,57,43,18,17,18,36,51,54,56,55,46,34,17,8,7,7,8,16,15,4,4,4,4,5,5,5,5,8,8,8,8,8,11,12,9,5,5,5,5,4,4,4,4,5,5,5,5,4,4,4,4,5,5,5,5,4,4,4,4,5,5,5,5,7,7,7,7,8,8,8,8,10,10,10,10,7,6,5,4,4,4,4,4,3,6,19,51,71,78,77,77,79,78,75,73,64,61,56,52,52,48,45,46,49,64,80,97,112,114,116,118,119,118,117,115,118,116,113,97,79,77,93,91,99,102,96,109,134,144,142,151,150,148,149,152,153,153,154,155,144,118,67,26,2,44,100,69,30,30,26,19,9,4,2,7,14,21,28,10,10,10,12,18,28,23,21,25,29,29,29,29,15,2,1,6,7,9,14,22,32,40,41,43,53,98,117,121,118,117,116,115,116,116,116,116,116,116
90,108,161,184,221,139,91,67,26,1,67,101,56,46,60,58,80,96,73,45,32,38,38,39,39,27,27,27,27,27,27,26,21,29,26,32,34,32,30,29,31,30,30,32,33,33,29,25,25,27,25,24,101,220,207,201,191,182,177,163,146,128,127,127,132,131,139,145,158,156,169,174,193,207,193,173,156,146,140,208,119,155,176,197,178,153,126,124,105,95,103,118,170,199,207,166,169,167,200,235,240,163,163,139,204,248,237,214,206,206,214,228,237,221,210,206,197,186,196,215,221,213,201,179,176,162,168,169,176,187,186,178,179,182,194,198,194,186,186,192,182,196,189,203,230,231,236,213,196,184,189,214,222,210,193,202,154,139,157,172,173,170,155,171,108,147,186,161,175,175,163,179,167,185,183,194,222,251,236,47,83,175,157,147,140,111,114,108,104,99,97,94,91,77,91,93,85,87,96,97,82,10,9,12,10,11,12,13,14,19,19,20,20,24,24,24,25,25,25,26,28,23,17,18,24,32,27,23,27,35,57,57,30,16,15,33,52,54,56,55,46,34,17,8,7,8,9,16,13,4,4,4,4,5,5,5,5,8,8,8,8,8,11,12,9,5,5,5,5,4,4,4,4,5,5,5,5,4,4,4,4,5,5,5,5,4,4,4,4,5,5,5,5,7,7,7,7,8,8,8,8,10,10,10,10,7,6,5,4,4,4,4,4,3,7,34,72,91,98,97,97,100,99,98,97,90,83,69,58,49,43,41,48,61,80,97,111,122,122,120,118,117,117,115,114,119,117,118,110,97,89,97,94,99,104,101,117,135,140,141,147,142,145,149,151,149,153,154,150,142,103,55,31,14,9,30,29,16,16,14,8,0,0,2,5,9,18,28,12,12,11,12,16,27,25,24,26,29,29,29,29,18,5,2,6,5,12,24,34,34,39,37,41,47,94,116,122,118,117,116,115,116,116,116,116,117,117
91,65,129,160,210,118,48,10,5,13,87,68,44,42,51,54,80,77,47,30,31,44,41,36,31,26,26,26,26,29,26,24,22,35,32,38,40,33,31,30,32,31,31,33,34,35,31,27,28,26,27,26,99,219,202,201,197,186,183,169,149,132,137,134,140,141,145,145,157,161,173,183,198,211,194,170,161,155,168,204,109,135,176,163,123,99,102,80,70,84,90,87,108,193,159,156,132,187,228,255,188,138,149,190,243,236,224,205,205,210,220,232,232,222,206,188,187,193,219,224,214,208,193,176,161,167,173,181,190,186,180,177,182,199,194,200,191,185,181,188,190,202,192,211,235,232,233,212,202,190,181,214,227,220,200,209,168,144,155,172,173,181,149,165,111,149,198,143,172,174,178,177,180,197,185,189,225,239,195,35,4,61,141,137,46,52,63,67,42,20,30,37,35,20,34,90,92,91,93,93,18,9,12,13,14,11,12,13,14,21,20,18,17,20,21,22,23,22,23,24,26,19,14,14,21,27,21,16,18,30,46,54,36,21,16,29,49,54,56,55,46,34,17,8,7,10,10,15,12,4,4,4,4,5,5,5,5,8,8,8,8,8,11,12,9,5,5,5,5,4,4,4,4,5,5,5,5,4,4,4,4,5,5,5,5,4,4,4,4,5,5,5,5,7,7,7,7,8,8,8,8,10,10,10,10,7,6,5,4,4,4,4,4,5,7,41,83,108,116,115,114,114,114,115,115,114,105,88,75,54,47,46,58,78,96,110,117,119,118,117,116,116,116,114,113,117,115,120,118,112,98,101,96,99,105,105,123,137,136,139,144,140,145,148,146,147,152,153,146,135,97,41,34,31,35,28,18,10,11,10,5,5,6,7,6,4,15,27,13,13,11,11,15,26,27,27,26,29,29,29,29,24,10,6,10,14,22,31,34,37,38,34,39,42,90,114,122,118,117,116,115,116,116,116,116,118,118
92,37,77,118,179,113,39,14,10,73,81,55,44,40,36,50,58,46,30,26,37,42,32,30,34,34,34,28,30,28,25,16,26,37,40,41,39,32,26,24,32,35,36,37,38,37,33,29,30,32,30,31,84,217,200,191,208,190,184,173,151,133,137,144,151,154,154,146,154,165,172,178,189,199,195,173,168,165,166,206,100,129,117,104,91,108,91,90,72,103,100,81,133,151,140,143,136,214,253,184,144,139,148,228,231,231,215,208,195,210,228,231,227,221,191,179,198,215,222,214,203,195,167,175,159,178,184,189,202,181,170,183,176,191,189,192,193,174,178,190,192,202,202,219,234,233,231,220,203,197,181,207,245,213,199,214,177,155,160,181,169,191,151,144,96,160,182,159,174,180,171,179,179,193,191,210,243,232,152,37,12,0,41,74,26,22,22,22,22,23,17,20,21,6,10,85,92,103,87,52,14,12,12,12,12,12,13,14,15,18,17,15,13,15,16,18,19,19,20,20,22,20,15,12,13,23,17,13,16,24,35,55,44,27,20,26,48,56,54,51,44,31,20,9,10,8,15,17,8,2,3,4,5,5,5,5,5,7,7,7,7,4,5,8,10,10,8,6,3,5,5,5,5,5,5,5,5,4,4,4,4,4,4,4,4,5,5,5,5,6,6,6,6,7,7,7,7,7,7,7,7,8,8,8,8,6,6,6,6,4,4,4,4,5,7,45,85,113,118,117,119,120,121,124,126,125,123,111,91,73,70,70,76,95,106,117,119,118,117,116,115,115,115,115,115,115,116,117,118,121,113,105,103,103,105,113,125,134,137,142,135,143,146,146,140,149,151,148,139,130,93,51,41,55,85,57,13,7,7,7,7,14,18,18,11,9,14,21,13,12,12,14,15,23,27,29,28,27,28,30,32,21,18,17,19,24,26,30,33,37,39,34,37,40,78,116,118,119,119,119,119,116,117,118,119,121,121
93,33,40,53,156,187,78,58,83,88,70,36,32,29,40,55,49,30,34,31,41,49,53,124,166,184,182,193,156,62,36,26,34,43,44,43,38,29,25,25,31,34,35,36,37,36,32,28,29,31,30,31,82,213,193,192,207,191,183,171,151,137,141,146,152,162,159,150,153,164,171,175,186,202,196,172,166,162,169,204,105,125,82,117,138,110,122,75,87,106,68,110,138,144,144,146,144,205,163,138,147,168,141,176,190,225,227,211,222,226,234,229,216,193,180,184,216,230,215,211,199,187,166,174,183,187,185,191,192,176,164,179,175,181,185,191,184,170,177,191,190,188,201,215,233,222,227,210,205,205,199,217,246,213,218,213,193,170,161,188,178,181,152,138,131,158,173,174,177,186,176,176,172,167,214,229,210,224,198,130,60,52,31,50,19,16,16,16,16,12,2,0,0,7,41,90,86,96,95,12,15,12,12,12,12,12,13,14,15,17,17,16,15,14,14,16,16,18,19,20,21,19,14,11,12,16,13,14,22,24,35,64,66,40,23,19,43,52,51,48,41,31,19,8,8,9,15,17,7,2,3,4,5,5,5,5,5,6,6,6,6,4,5,8,10,10,9,6,4,5,5,5,5,5,5,5,5,4,4,4,4,4,4,4,4,5,5,5,5,6,6,6,6,7,7,7,7,7,7,7,7,7,7,7,7,6,6,6,6,4,4,4,4,5,7,45,85,113,117,115,117,117,119,122,124,124,124,118,106,95,92,93,100,110,117,122,120,118,117,116,115,112,112,112,112,115,116,117,118,120,114,107,103,104,107,115,125,128,137,132,132,141,142,142,139,147,149,145,135,129,90,63,53,62,70,40,9,6,6,6,6,10,16,21,19,13,13,19,13,12,13,14,16,23,27,29,28,28,28,29,30,20,17,16,19,23,25,29,32,37,39,34,37,39,76,114,119,119,119,119,119,116,117,118,119,121,121
94,40,33,28,140,219,150,91,87,66,49,35,30,35,52,53,34,29,31,30,61,81,119,191,217,227,241,252,224,92,51,42,46,45,44,38,30,24,24,26,31,33,34,35,36,35,31,27,27,29,31,32,78,208,185,198,208,192,181,168,150,145,147,149,153,158,156,158,161,162,168,171,181,202,196,172,166,163,177,198,110,115,111,150,173,158,128,105,134,110,91,137,151,137,148,137,122,152,145,148,127,165,137,167,161,204,210,207,217,232,228,215,192,184,186,194,228,226,215,198,186,173,150,179,198,192,189,191,185,181,162,174,169,194,187,187,190,183,183,189,186,188,212,226,234,222,214,214,200,197,205,223,237,218,215,217,186,183,179,179,175,183,144,153,134,165,163,178,193,181,174,168,165,161,223,220,200,209,193,164,94,85,67,41,3,8,8,8,8,9,1,6,10,41,74,88,91,98,67,14,10,12,12,12,12,12,13,14,15,17,17,17,18,15,14,14,14,17,18,18,20,18,13,10,10,9,9,16,28,34,36,60,71,56,32,20,41,50,49,45,38,35,22,9,8,11,16,17,5,2,3,4,5,5,5,5,5,5,5,5,5,4,5,8,10,12,10,8,5,5,5,5,5,5,5,5,5,4,4,4,4,4,4,4,4,5,5,5,5,6,6,6,6,7,7,7,7,7,7,7,7,6,6,6,6,6,6,6,6,4,4,4,4,5,7,45,85,112,116,112,112,114,115,118,120,122,123,122,119,107,105,107,116,126,130,130,123,118,117,116,115,111,111,111,111,115,116,117,118,119,116,110,104,105,110,118,124,124,131,120,126,137,136,136,138,143,144,139,128,125,87,76,79,67,38,7,6,8,8,8,8,8,17,26,27,19,13,14,13,14,14,16,17,23,27,29,28,28,28,28,27,18,16,15,17,21,24,28,31,37,39,34,37,38,73,111,120,119,119,119,119,116,117,118,119,121,121
95,37,32,31,114,218,201,176,101,50,35,39,31,32,39,30,25,31,28,42,79,98,136,187,215,229,245,247,233,87,60,54,55,54,51,42,31,19,23,27,30,32,33,34,35,34,30,26,26,27,31,32,75,208,182,207,212,193,179,165,150,151,152,153,153,156,152,160,159,160,165,167,176,196,193,173,171,169,186,192,109,92,156,171,186,169,150,143,138,115,125,129,125,120,140,129,136,147,148,122,139,126,128,131,131,173,210,230,223,218,212,209,193,185,208,218,231,215,199,196,175,150,169,189,191,186,195,185,190,178,157,175,176,199,190,189,191,193,182,186,197,199,218,240,224,220,219,215,212,203,213,228,213,223,213,222,180,177,172,173,180,158,158,152,152,164,173,181,204,177,177,174,179,157,224,216,213,201,198,169,115,111,102,26,7,5,5,5,5,13,8,18,28,66,75,86,84,105,87,12,11,12,12,12,12,12,13,14,15,16,17,19,20,19,18,16,15,16,17,17,19,17,12,9,9,8,8,16,29,36,27,41,57,60,42,31,44,51,50,47,40,41,27,13,12,12,17,16,4,1,3,4,5,5,5,5,5,4,4,4,4,4,5,8,10,13,11,9,7,5,5,5,5,5,5,5,5,4,4,4,4,4,4,4,4,5,5,5,5,6,6,6,6,7,7,7,7,7,7,7,7,5,5,5,5,6,6,6,6,4,4,4,4,5,7,45,85,111,114,109,109,110,112,114,117,119,118,118,119,121,119,122,132,131,134,134,127,118,117,116,115,114,114,114,114,115,116,117,118,119,118,113,104,106,113,121,123,127,119,113,123,134,131,132,136,140,141,135,123,125,85,59,74,56,30,16,12,13,13,13,13,13,21,30,30,25,12,10,13,15,15,17,18,23,27,29,28,29,28,26,25,17,15,14,16,20,23,27,30,37,39,34,37,38,70,108,121,119,119,119,119,116,117,118,119,121,121
96,34,42,34,82,216,206,224,185,123,82,36,20,14,15,16,17,19,42,75,96,105,143,187,213,233,244,242,222,75,60,54,55,57,62,58,42,24,23,25,28,34,33,32,31,30,24,21,25,28,30,30,62,195,182,213,220,194,171,157,156,147,155,158,153,155,158,152,150,157,163,163,176,188,184,167,175,173,172,176,125,116,191,186,197,176,169,166,147,138,122,145,109,130,135,147,126,133,131,105,164,127,141,151,137,175,205,218,219,210,194,189,190,206,223,235,220,211,195,175,155,153,188,197,192,186,193,192,178,173,151,183,187,200,195,196,190,205,178,195,205,222,220,244,226,222,215,218,220,217,214,219,217,209,226,223,196,177,173,170,180,164,145,172,162,139,177,168,199,183,177,189,204,196,230,223,213,226,217,164,147,85,37,9,4,5,5,7,8,10,18,26,51,72,83,78,79,102,95,0,15,11,11,11,11,11,12,13,14,18,18,18,18,15,16,19,25,12,12,12,12,10,8,8,6,9,11,19,25,49,33,23,52,55,50,40,61,68,67,62,61,63,48,30,27,25,16,13,2,1,2,2,2,5,5,5,5,4,4,4,4,3,4,5,6,11,11,11,11,8,7,6,5,6,6,6,6,5,5,5,5,5,5,5,5,5,5,5,5,5,6,7,8,7,7,7,8,5,4,3,2,4,4,4,4,4,4,4,4,6,3,2,5,5,3,45,85,112,112,112,112,111,112,114,115,118,118,118,118,114,118,124,129,131,132,129,124,119,117,115,113,115,116,118,120,117,118,119,119,119,120,116,105,103,118,123,121,128,110,108,120,120,125,132,134,139,135,127,120,126,100,78,85,76,34,17,15,13,17,18,16,21,23,23,19,11,9,10,13,15,15,17,18,22,23,24,25,27,28,28,25,17,17,17,17,18,18,23,30,35,38,33,33,34,69,104,121,122,121,120,119,119,119,119,119,120,120
97,36,40,36,73,193,207,224,207,180,145,95,60,37,30,26,33,42,62,89,105,107,144,187,211,237,244,245,211,75,60,54,55,58,64,65,56,39,30,24,28,28,29,32,33,30,24,21,25,29,30,32,58,198,188,215,218,193,173,159,157,155,156,157,158,155,157,151,150,153,168,173,168,175,182,173,177,163,186,166,119,161,195,208,195,196,175,162,169,181,118,125,116,123,148,154,155,231,144,102,111,115,140,141,134,167,211,183,203,202,198,193,202,225,223,224,209,189,185,163,160,162,188,193,189,200,196,185,176,174,164,175,189,196,191,194,194,194,196,190,195,218,225,244,231,211,214,225,224,220,223,227,213,198,225,226,201,184,181,175,167,167,137,164,174,137,159,167,211,182,174,183,206,227,229,216,198,224,208,165,124,27,4,5,9,12,10,6,2,7,8,28,53,71,84,81,80,96,80,2,11,10,10,10,10,10,11,12,13,17,17,17,17,17,13,8,8,11,11,11,11,9,8,8,7,10,12,17,21,20,10,10,43,54,56,94,147,138,108,100,108,103,84,70,78,72,49,16,6,3,3,3,3,5,5,5,5,4,4,4,4,3,4,5,6,11,11,11,11,8,7,6,5,6,6,6,6,5,5,5,5,5,5,5,5,5,5,5,5,5,6,7,8,9,8,7,8,6,5,4,3,4,4,4,4,4,4,4,4,6,3,2,5,3,3,48,91,118,118,118,118,115,115,116,117,120,120,120,120,117,120,124,128,130,130,127,120,113,111,108,106,107,109,112,114,119,120,122,123,123,124,120,109,107,121,124,119,121,108,107,117,116,122,128,130,134,130,124,119,124,115,110,117,111,73,34,23,32,46,25,21,18,20,20,16,11,9,10,13,15,16,17,19,22,23,24,25,26,28,27,24,16,16,16,16,18,18,23,30,34,37,32,32,34,69,104,121,122,121,120,119,119,119,119,119,125,125
98,37,37,39,59,191,225,222,206,179,146,107,87,68,70,67,61,58,77,105,122,118,143,179,211,241,241,249,190,75,60,54,55,59,65,71,69,64,65,57,41,31,30,29,29,30,24,21,25,31,31,36,50,203,199,219,216,192,175,162,157,159,157,158,161,153,156,150,148,160,161,166,167,164,179,177,179,171,194,170,118,175,202,211,191,195,190,170,184,193,150,150,116,155,154,149,135,158,203,190,122,93,140,130,140,169,168,182,192,180,194,212,224,235,212,212,207,191,167,158,167,186,195,195,192,200,191,180,178,167,178,172,193,190,183,191,203,198,204,174,193,212,234,240,233,213,218,228,222,222,229,233,211,201,230,223,199,173,176,171,162,170,132,161,166,135,139,168,221,192,176,188,203,224,225,221,197,223,184,146,104,32,5,5,15,12,11,9,8,3,5,31,53,72,92,94,92,97,48,4,0,9,9,9,9,9,10,11,12,16,16,16,16,15,11,7,7,8,8,8,8,8,8,8,8,13,13,13,14,13,8,9,37,53,102,165,180,164,118,103,114,113,88,68,74,82,71,34,8,4,4,4,4,5,5,5,5,4,4,4,4,3,4,5,6,11,11,11,11,8,7,6,5,6,6,6,6,5,5,5,5,5,5,5,5,5,5,5,5,5,6,7,8,9,13,14,7,7,6,5,4,4,4,4,4,4,4,4,4,6,3,2,5,5,6,52,96,124,124,124,124,122,122,121,121,124,124,124,124,122,123,125,126,128,127,122,115,105,103,101,99,98,100,105,108,111,113,116,118,127,128,123,113,111,122,121,113,110,103,107,111,110,115,121,123,125,123,120,117,112,114,114,113,107,87,56,61,75,81,19,7,16,18,17,14,11,9,10,13,17,17,19,20,22,23,24,25,25,26,26,22,15,15,15,15,18,18,23,30,32,36,31,31,34,69,104,121,122,121,120,119,119,119,119,119,123,123
99,39,35,41,46,181,229,229,204,136,120,103,96,78,79,74,66,80,97,122,136,133,140,166,213,240,235,248,168,75,60,54,55,59,63,67,69,72,83,87,76,60,53,41,30,30,24,21,25,33,32,39,44,207,208,222,214,192,177,165,157,153,158,161,158,152,155,149,147,157,148,157,167,167,178,173,178,167,196,166,105,178,212,205,191,198,188,176,212,201,113,208,122,141,147,130,126,137,189,115,160,129,138,142,147,176,200,213,212,196,217,218,240,233,196,198,196,165,156,158,156,201,196,191,188,196,189,178,170,152,179,180,195,185,177,189,210,201,196,175,197,210,241,232,227,216,216,224,227,220,225,229,213,205,229,215,205,175,179,166,173,165,133,147,177,132,131,171,219,212,185,211,194,224,235,229,228,161,130,106,77,31,9,11,16,18,16,12,9,4,16,32,50,59,88,100,100,88,4,4,3,8,8,8,8,8,9,10,11,15,15,15,15,12,8,6,6,6,6,6,6,6,7,8,10,15,14,10,7,5,3,6,28,84,140,126,125,113,89,73,78,84,63,41,37,42,44,40,20,5,5,5,5,5,5,5,5,4,4,4,4,3,4,5,6,11,11,11,11,8,7,6,5,6,6,6,6,5,5,5,5,5,5,5,5,5,5,5,5,5,6,7,8,18,36,42,19,8,7,6,5,4,4,4,4,4,4,4,4,6,3,2,5,13,12,55,96,126,126,126,126,128,127,125,124,127,127,127,127,126,126,125,125,126,124,119,110,102,100,98,95,93,96,102,107,108,111,115,118,126,128,123,112,111,120,115,104,100,99,107,106,104,109,116,118,117,117,116,115,118,116,113,110,104,80,55,61,86,110,57,26,17,19,19,15,11,9,10,13,18,18,20,21,22,23,24,25,23,25,25,21,14,14,14,14,18,18,23,30,31,35,30,30,34,69,104,121,122,121,120,119,119,119,119,119,125,125
100,36,39,38,37,180,239,234,198,108,103,135,132,114,102,82,81,98,113,130,135,135,131,150,220,240,234,232,138,64,64,56,55,59,65,63,63,74,88,89,83,82,80,74,65,53,41,27,23,27,33,39,40,201,221,225,212,193,186,171,156,158,162,162,156,151,151,141,141,150,149,160,160,160,172,172,175,158,197,148,99,191,223,212,199,205,190,207,225,228,203,209,128,138,142,142,137,126,198,129,128,140,132,157,162,162,184,207,205,196,193,217,239,221,217,212,184,170,141,153,168,211,205,199,206,189,178,171,173,147,180,189,177,175,177,192,208,201,192,180,194,220,253,222,227,208,226,222,234,224,228,219,213,211,209,209,205,170,187,153,165,178,125,154,179,130,140,171,206,211,192,216,191,220,232,228,197,120,72,58,79,41,35,28,28,29,24,31,22,21,13,41,43,51,72,86,96,47,0,7,0,6,6,6,6,7,7,7,7,11,11,11,11,6,5,3,3,4,4,4,4,3,6,10,14,14,12,8,4,5,9,1,48,136,130,73,76,108,94,63,44,43,34,25,23,15,16,42,41,14,5,7,3,7,6,5,4,4,4,4,4,4,4,4,4,9,9,9,9,6,6,6,6,5,5,5,5,5,5,5,5,5,5,5,5,11,7,3,5,5,3,4,23,58,73,73,50,16,7,5,3,7,6,5,4,4,4,4,4,10,4,0,15,21,27,55,95,119,120,121,122,120,120,120,120,123,126,131,135,130,129,125,123,123,120,114,109,103,103,101,100,100,99,101,105,112,114,118,121,125,127,124,115,109,112,104,102,96,99,101,99,91,106,111,109,107,113,121,122,123,110,113,109,100,68,49,49,86,116,68,36,14,16,23,16,8,7,9,14,19,19,19,19,21,22,23,24,25,24,21,19,16,13,12,15,17,19,23,26,32,33,27,30,37,71,99,124,122,121,120,119,121,120,119,118,122,126
101,38,39,39,43,195,246,236,191,87,103,168,175,144,117,88,90,97,107,118,121,116,110,147,228,229,220,205,103,62,62,55,56,65,66,58,56,71,86,88,80,81,82,81,77,74,66,50,33,27,31,36,40,205,224,226,211,193,185,171,160,165,160,157,156,150,149,141,141,152,153,161,160,158,168,171,174,170,205,140,106,196,219,211,207,200,199,217,226,220,224,197,114,143,142,138,132,124,161,127,113,143,136,138,139,158,176,166,164,129,187,221,224,218,216,197,177,150,131,166,194,220,186,180,201,186,174,176,159,168,183,167,170,173,173,188,200,192,188,183,191,230,246,225,228,208,226,222,234,228,232,224,222,218,207,208,215,179,180,163,166,173,128,134,173,132,133,173,202,204,205,215,206,214,244,226,206,65,80,132,105,49,30,48,32,41,40,33,34,23,36,49,32,51,53,77,102,14,0,5,7,6,6,6,6,7,7,7,7,10,10,10,10,6,5,3,3,4,4,4,4,4,6,10,13,12,11,7,4,6,7,12,91,171,133,41,49,88,81,56,31,30,24,17,14,12,19,53,62,23,7,7,4,7,6,5,4,4,4,4,4,4,4,4,4,8,8,8,8,6,6,6,6,5,5,5,5,5,5,5,5,5,5,5,5,2,4,6,5,7,11,26,62,87,100,99,78,33,15,5,4,8,7,6,5,4,4,4,4,5,2,3,25,31,35,58,96,116,114,112,110,110,110,110,110,119,122,127,132,132,130,128,126,123,120,115,111,106,105,104,103,103,102,103,108,115,117,121,124,125,130,130,123,118,117,103,99,95,97,98,95,90,105,109,107,106,114,121,120,112,104,111,109,93,62,45,48,96,111,58,22,18,18,21,14,8,7,9,14,19,19,19,19,20,21,22,23,25,24,21,19,16,13,12,15,17,19,23,26,32,32,27,29,36,69,97,121,121,120,119,117,116,115,114,113,116,120
102,42,40,42,52,213,253,235,180,66,88,183,207,154,113,83,85,88,92,96,97,101,97,157,231,194,155,128,72,57,59,55,58,68,64,51,48,67,84,86,73,64,69,73,73,74,76,67,48,31,29,33,45,214,230,228,209,192,184,171,165,170,161,154,154,147,147,140,141,151,156,158,158,155,160,169,172,163,202,138,89,202,218,215,214,201,211,225,221,209,236,157,129,135,135,135,136,133,115,119,123,132,138,128,132,161,177,163,170,164,165,198,212,192,177,180,168,145,145,193,213,216,192,193,195,182,170,180,164,182,188,166,172,183,179,196,200,186,182,185,191,242,239,227,227,208,226,222,234,228,228,219,220,209,205,195,218,185,170,174,163,166,123,138,176,133,129,175,181,200,218,200,217,223,226,248,216,175,175,185,160,174,93,63,40,56,56,37,33,42,30,47,44,42,46,55,66,0,7,3,2,6,6,6,6,7,7,7,7,7,7,7,7,6,5,3,3,4,4,4,4,6,7,10,12,9,8,6,4,4,5,29,147,196,134,52,26,29,38,33,23,14,13,10,7,3,17,54,76,40,9,7,6,7,6,5,4,4,4,4,4,4,4,4,4,7,7,7,7,6,6,6,6,5,5,5,5,5,5,5,5,5,5,5,5,6,6,5,2,9,36,70,98,114,124,122,104,62,29,5,5,9,8,7,6,4,4,4,4,1,2,11,38,45,45,62,93,114,112,109,106,106,106,106,106,110,114,121,127,131,130,130,129,125,123,120,117,114,114,112,111,111,110,112,116,120,122,126,130,129,134,135,130,126,119,100,95,91,93,92,88,89,103,106,103,104,114,122,116,103,99,110,107,84,55,43,49,94,116,90,58,20,17,19,15,8,7,9,14,19,19,19,19,19,20,21,22,25,24,21,19,16,13,12,15,17,19,23,26,30,31,25,27,37,69,95,118,118,117,116,115,111,110,109,108,108,112
103,45,41,44,60,219,252,233,173,77,75,166,205,133,96,76,78,71,72,74,78,87,96,186,238,193,122,77,62,52,56,54,59,66,60,46,47,63,83,84,68,66,70,75,76,74,74,69,58,38,32,34,53,221,235,229,207,192,182,171,169,169,165,158,149,144,145,139,142,147,156,153,153,152,153,167,171,162,203,137,95,207,224,224,212,210,219,220,212,219,210,169,146,135,132,131,135,138,129,115,109,128,135,162,140,160,158,157,157,195,190,178,179,178,166,169,147,136,165,210,206,212,187,173,185,167,178,185,153,179,168,166,183,192,184,202,200,191,177,183,198,247,241,224,225,208,226,222,234,236,232,217,217,194,171,193,225,191,171,174,146,148,126,142,182,133,131,173,150,183,227,197,202,214,234,250,196,168,148,184,160,162,153,168,128,82,93,53,77,38,63,93,55,56,63,84,18,4,1,8,1,6,6,6,6,7,7,7,7,5,5,5,5,6,5,3,3,4,4,4,4,8,8,9,10,7,6,5,4,2,6,41,175,206,136,67,48,47,41,23,9,7,9,11,7,6,21,54,79,54,11,7,7,7,6,5,4,4,4,4,4,4,4,4,4,6,6,6,6,6,6,6,6,5,5,5,5,5,5,5,5,5,5,5,5,8,2,4,16,46,75,103,119,127,134,131,115,86,40,5,6,10,9,8,7,4,4,4,4,4,6,15,45,54,50,61,87,104,103,103,103,102,102,102,102,103,108,116,123,127,127,127,128,131,129,127,125,125,124,123,122,121,120,122,127,125,127,131,134,134,137,135,127,123,113,94,93,88,89,87,82,89,102,104,99,102,115,122,113,104,102,112,105,79,53,44,53,97,95,65,37,16,13,18,20,8,7,9,14,19,19,19,19,18,19,20,21,25,24,21,19,16,13,12,15,17,19,23,26,29,30,24,26,41,73,97,119,116,115,114,113,110,109,108,107,105,109
104,41,41,43,79,235,243,226,162,71,65,122,177,107,77,71,61,56,60,68,74,82,100,193,244,203,116,64,50,49,50,54,59,56,53,44,47,62,78,87,75,74,77,79,78,82,78,73,68,60,51,37,70,227,235,233,206,185,181,168,164,167,165,159,148,141,145,141,142,154,153,150,148,149,149,165,163,157,179,122,88,205,223,222,207,211,212,216,223,234,176,226,183,142,130,141,128,125,116,110,116,136,136,170,145,168,149,169,165,218,197,169,178,180,165,164,146,144,166,208,204,214,180,179,168,159,169,181,180,178,164,167,192,190,188,196,200,190,184,191,198,255,239,229,223,210,224,221,237,235,221,221,203,179,178,196,205,179,163,172,145,129,137,126,177,135,132,163,128,160,230,201,225,215,230,250,192,164,131,181,156,137,161,148,154,71,80,126,133,93,101,91,49,58,85,98,5,2,3,4,5,6,7,8,9,7,7,7,7,5,5,5,5,4,4,4,4,5,5,5,5,9,8,7,6,4,4,4,4,0,6,48,177,202,144,84,65,84,72,28,3,7,7,9,9,19,36,61,76,55,19,6,6,4,4,4,4,3,3,3,3,4,4,4,4,6,6,6,6,4,4,4,4,4,4,4,4,4,4,4,4,4,4,4,4,1,3,8,51,90,108,128,133,134,134,137,127,95,57,0,4,11,10,7,5,3,3,3,3,5,7,22,49,59,49,60,82,89,92,96,99,98,98,98,98,102,106,112,118,120,121,125,127,125,125,125,125,126,127,128,129,129,130,133,135,136,137,138,139,141,141,138,118,108,106,91,82,85,83,79,75,83,96,99,96,105,116,116,114,99,103,117,106,75,51,54,59,77,48,31,10,3,12,16,19,10,9,10,15,22,19,16,17,21,21,21,21,21,21,21,21,20,16,14,15,18,20,24,27,32,31,25,27,53,74,97,120,121,120,116,114,113,111,108,105,106,107
105,46,47,50,87,238,242,222,159,68,60,89,139,94,66,67,49,54,59,67,74,80,100,200,220,144,85,55,41,43,47,53,56,54,52,45,49,64,78,86,75,71,77,83,85,84,81,76,72,71,70,63,95,228,235,225,196,185,181,167,162,164,161,155,146,142,146,143,144,153,152,149,147,154,143,149,149,142,169,108,86,203,218,212,207,207,209,218,228,243,202,219,170,143,147,130,129,125,116,116,121,126,128,144,137,169,155,173,185,205,186,137,177,178,160,166,145,145,190,216,194,193,179,172,169,176,181,174,177,178,161,158,189,194,187,205,181,183,188,198,198,253,238,229,225,216,222,215,236,236,219,208,181,174,189,191,198,176,160,160,138,128,127,132,174,137,149,136,107,148,231,205,226,216,221,242,190,148,145,171,155,143,164,135,169,66,71,159,109,83,81,90,63,64,105,52,3,2,3,4,5,6,7,8,9,7,7,7,7,5,5,5,5,4,4,4,4,5,5,5,5,9,7,7,5,4,4,4,4,0,4,40,148,170,134,87,53,49,42,17,5,5,5,8,9,15,34,56,61,40,13,3,4,4,4,4,4,3,3,3,3,4,4,4,4,6,6,6,6,4,4,4,4,4,4,4,4,4,4,4,4,4,4,4,4,4,12,46,81,107,120,133,134,135,134,137,129,105,69,15,9,11,10,7,5,3,3,3,3,2,11,33,58,59,50,62,86,92,94,98,102,101,101,101,101,102,105,110,114,118,120,122,124,125,125,125,125,126,127,128,129,129,130,133,135,136,137,138,139,141,141,138,118,100,100,88,82,84,82,78,75,82,94,96,95,106,121,120,110,95,101,115,99,74,56,58,62,79,65,47,49,48,17,13,18,10,9,11,16,21,18,16,18,21,21,21,21,21,21,21,21,20,16,14,15,18,20,24,27,31,31,26,29,55,75,97,120,121,120,117,115,114,113,110,108,109,109
106,42,45,51,91,238,236,215,160,78,65,64,97,82,64,60,41,51,57,66,74,79,106,211,192,79,55,46,29,34,41,50,52,51,50,45,52,66,77,83,76,73,80,89,93,87,85,81,78,73,76,78,120,229,235,215,187,188,184,168,162,162,156,151,146,145,149,145,146,152,151,148,146,135,135,145,134,125,158,105,92,198,214,205,208,205,209,220,232,236,245,172,213,178,170,126,119,119,108,113,114,109,118,150,160,166,176,178,179,192,199,175,184,184,171,158,150,164,207,203,186,167,170,156,167,161,174,166,177,179,166,158,190,204,193,195,182,174,188,211,186,249,236,230,228,223,225,214,236,236,219,197,162,167,178,185,187,166,160,148,136,126,118,144,165,140,160,118,109,204,225,221,213,215,221,249,181,131,160,145,167,153,164,124,181,92,70,68,76,173,69,84,65,79,111,5,1,2,3,4,5,6,7,8,9,7,7,7,7,5,5,5,5,4,4,4,4,5,5,5,5,7,6,5,4,4,4,4,4,2,4,26,92,110,99,75,40,16,13,7,8,5,6,10,12,20,30,35,26,18,6,1,2,4,4,4,4,3,3,3,3,4,4,4,4,6,6,6,6,4,4,4,4,4,4,4,4,4,4,4,4,4,4,4,4,1,41,78,106,126,132,137,135,136,133,137,133,113,80,30,6,11,10,7,5,3,3,3,3,3,23,51,69,58,50,65,91,100,103,107,110,111,111,111,111,109,110,112,114,119,120,120,121,125,125,125,125,126,127,128,129,129,130,133,135,136,137,138,139,139,139,136,116,95,95,84,79,83,81,77,73,82,90,91,94,107,120,117,107,94,95,105,91,73,64,64,68,90,93,72,92,85,22,14,15,12,11,12,17,19,17,16,19,21,21,21,21,21,21,21,21,20,16,14,15,18,20,24,27,31,31,28,32,58,78,98,120,121,120,119,118,116,116,115,114,113,113
107,44,48,56,98,232,228,210,166,86,68,61,72,68,62,40,31,48,55,65,75,79,120,218,182,65,53,46,25,26,37,48,48,48,48,46,54,68,76,81,77,80,86,93,96,90,89,86,84,88,86,90,149,227,235,211,187,194,189,172,165,163,156,150,150,147,151,148,148,151,149,147,145,134,132,138,122,120,155,122,106,190,217,208,209,208,211,220,231,231,227,181,226,213,211,143,128,123,108,114,108,111,127,136,166,168,187,168,163,185,186,199,196,198,168,164,158,169,199,192,182,158,153,141,162,159,175,169,164,166,166,157,180,197,199,190,185,190,185,194,200,246,234,230,231,226,234,223,236,236,223,200,165,155,178,183,186,155,165,150,145,121,121,156,153,145,150,115,118,194,214,213,198,214,227,232,185,135,178,127,176,161,155,129,177,99,66,60,80,167,82,68,71,97,87,0,1,2,3,4,5,6,7,8,9,7,7,7,7,5,5,5,5,4,4,4,4,5,5,5,5,6,5,4,3,4,4,4,4,9,8,12,40,40,36,33,24,19,12,10,9,8,10,15,18,16,14,10,6,2,4,3,4,4,4,4,4,3,3,3,3,4,4,4,4,6,6,6,6,4,4,4,4,4,4,4,4,4,4,4,4,4,4,4,4,29,66,99,117,130,132,134,133,138,133,136,136,124,93,46,8,11,10,7,5,3,3,3,3,8,35,65,73,57,51,68,96,111,113,117,120,123,123,123,123,122,122,121,121,123,123,123,122,125,125,125,125,126,127,128,129,129,130,133,135,136,137,138,139,138,138,135,115,99,98,84,76,82,79,75,72,82,87,87,92,104,110,107,108,100,88,90,86,72,71,70,72,100,106,86,98,73,22,20,14,13,12,13,18,18,16,17,20,21,21,21,21,21,21,21,21,20,16,14,15,18,20,24,27,30,31,29,34,61,80,99,119,120,120,121,121,118,118,118,119,117,116
108,47,49,69,111,227,222,200,174,89,63,65,60,55,46,31,35,52,62,68,67,72,130,220,159,55,60,49,32,32,36,42,45,50,47,49,57,69,74,80,82,84,90,99,102,96,93,90,92,101,91,91,183,229,236,211,189,192,181,167,162,152,150,148,150,152,149,148,150,149,148,146,144,129,126,125,113,107,129,152,113,171,224,208,214,210,218,227,232,228,231,198,224,214,216,177,158,140,115,117,101,114,147,147,206,210,193,167,167,169,186,203,197,197,156,154,159,190,195,187,164,148,143,140,159,167,171,177,164,147,151,165,180,189,187,178,174,195,195,197,213,245,240,235,237,236,239,235,238,221,219,197,177,166,173,171,170,163,168,145,148,116,129,159,140,154,156,85,130,171,208,210,198,191,235,214,192,115,172,147,171,162,126,136,168,110,67,47,130,105,60,62,77,104,35,4,10,3,4,5,6,7,8,9,10,9,9,9,9,7,7,7,7,6,6,6,6,6,6,6,6,5,5,5,5,6,7,8,9,2,14,32,37,22,7,8,6,12,12,12,12,12,12,12,12,12,2,4,3,4,3,3,3,7,5,3,3,3,3,3,3,3,3,3,3,2,16,42,49,21,9,4,2,0,4,6,2,2,2,2,2,0,2,0,17,56,83,108,120,125,126,127,129,132,135,137,136,132,105,65,21,13,11,7,4,4,4,4,4,14,46,76,74,60,48,70,98,117,122,127,128,127,127,127,127,129,129,129,129,128,128,128,128,126,126,126,126,129,129,129,129,130,130,131,131,133,134,135,136,131,137,131,109,97,98,88,72,76,75,72,70,78,81,81,92,103,99,95,95,95,90,83,77,70,63,65,78,106,115,93,86,38,22,22,18,16,16,16,16,16,17,18,19,19,20,21,22,17,18,19,20,18,17,16,15,20,22,24,27,32,30,29,47,61,76,100,116,121,121,121,121,120,119,118,117,115,115
109,44,53,78,108,218,221,202,174,93,65,64,60,55,46,33,38,60,70,67,63,83,145,212,126,64,67,52,33,33,36,41,45,50,47,50,58,69,75,81,83,85,91,98,101,99,96,94,95,99,91,90,191,233,233,212,201,193,182,168,163,156,146,150,153,150,160,161,146,142,146,144,133,122,118,115,102,103,93,182,126,177,222,212,219,215,222,231,235,235,207,207,219,233,206,181,147,166,136,120,100,124,149,184,225,215,187,189,188,181,180,193,190,172,163,164,186,191,183,166,150,146,147,142,167,170,174,170,169,149,159,174,180,186,186,183,172,187,201,197,223,244,240,237,237,237,239,235,233,232,215,203,185,180,182,162,157,165,176,146,142,115,136,159,141,173,139,100,102,154,199,222,197,178,242,203,153,140,152,163,126,155,139,129,120,134,76,63,111,62,58,59,94,108,4,7,2,3,4,5,6,7,8,9,10,10,10,10,10,7,7,7,7,6,6,6,6,6,6,6,6,5,5,5,5,6,7,8,9,6,36,61,57,23,7,8,5,8,8,8,8,8,8,8,8,2,1,6,3,0,1,1,2,14,11,6,1,3,3,3,3,3,3,3,3,2,39,93,122,107,81,49,22,7,2,0,3,2,2,2,2,5,5,7,39,72,92,107,114,117,118,122,124,129,133,135,134,131,108,71,28,13,11,7,4,4,4,4,4,14,51,82,75,59,48,71,99,121,126,131,131,131,131,131,131,133,133,133,133,133,133,133,133,131,131,131,131,130,130,130,130,130,130,130,130,130,131,132,133,129,133,127,109,95,94,86,69,74,74,73,72,75,77,77,87,100,94,87,84,91,87,78,71,60,51,54,77,101,107,100,83,26,19,26,18,16,16,16,16,16,17,18,19,18,19,20,21,17,18,19,20,18,17,16,15,20,21,24,26,30,29,30,48,61,76,100,116,118,118,118,118,120,119,118,117,114,114
110,45,64,94,98,203,218,206,174,100,67,63,59,54,47,37,44,72,83,71,63,90,160,203,99,79,79,59,35,35,37,41,43,50,48,51,61,68,75,83,86,87,92,98,100,102,98,96,97,95,91,86,205,235,230,216,210,191,180,166,161,157,144,153,156,161,162,159,151,146,151,146,129,120,115,109,93,74,85,191,137,162,219,216,222,214,220,227,230,235,217,221,206,221,215,171,169,184,149,127,101,130,160,180,187,219,199,193,196,176,187,184,187,179,160,169,198,191,187,163,146,134,144,140,148,170,173,161,165,166,161,165,176,198,189,176,163,167,200,191,216,242,241,239,236,239,238,233,232,238,226,203,195,188,181,153,155,164,173,141,135,119,144,158,153,170,140,104,114,156,207,212,194,189,235,185,153,153,164,124,108,156,142,106,123,159,102,71,84,67,54,63,98,51,5,3,0,3,4,5,6,7,8,9,10,11,11,11,11,7,7,7,7,6,6,6,6,6,6,6,6,5,5,5,5,6,7,8,9,13,61,85,68,25,8,7,4,5,5,5,5,5,5,5,5,4,6,4,1,6,15,25,28,36,33,22,8,3,3,3,3,3,3,3,3,1,59,127,164,154,131,100,69,40,21,2,0,2,2,2,2,2,6,24,59,87,98,100,101,102,106,112,117,125,129,131,130,125,108,78,37,13,11,7,4,4,4,4,4,12,47,77,69,54,44,68,98,123,128,133,134,135,135,135,135,137,137,137,137,138,138,138,138,136,136,136,136,133,133,133,133,131,130,128,127,125,126,127,128,126,128,121,107,95,88,85,67,70,71,74,75,73,75,73,82,103,96,87,83,82,77,67,59,46,39,45,69,88,94,103,83,19,16,27,19,16,16,16,16,16,17,18,19,17,18,19,20,17,18,19,20,18,17,16,15,18,20,22,25,29,28,30,49,61,76,100,116,117,117,117,117,120,119,118,117,113,113
111,51,76,107,85,190,216,209,174,106,69,61,58,53,47,40,49,80,95,79,71,103,174,197,91,92,90,64,37,37,38,41,42,49,48,53,64,68,75,84,89,88,93,98,98,100,97,95,96,91,92,84,217,233,230,222,208,187,176,162,157,152,150,153,158,162,157,154,156,153,149,137,124,114,108,99,82,71,81,185,145,125,215,216,217,216,222,228,229,218,220,223,219,225,210,167,185,185,150,151,119,114,182,176,169,216,207,189,183,175,184,179,163,178,164,164,194,196,159,150,143,158,147,152,164,184,177,170,164,145,146,160,181,200,185,162,169,145,189,178,188,240,242,241,235,241,237,230,238,252,225,210,206,195,174,148,158,171,168,145,146,127,149,155,175,140,141,113,100,152,197,198,188,190,220,181,129,152,128,121,141,131,131,104,97,184,108,71,72,69,52,70,93,2,6,1,3,3,4,5,6,7,8,9,10,12,12,12,12,7,7,7,7,6,6,6,6,6,6,6,6,5,5,5,5,6,7,8,9,35,83,93,68,26,9,7,2,5,5,5,5,5,5,5,5,4,4,1,14,47,57,67,66,66,61,45,24,3,3,3,3,3,3,3,3,0,73,152,195,184,162,129,92,65,46,22,9,2,2,2,2,2,16,47,73,87,92,89,87,90,95,103,111,122,125,128,126,116,105,81,42,13,11,7,4,4,4,4,4,6,31,55,56,47,37,63,93,122,127,132,132,134,134,134,134,136,136,136,136,139,139,139,139,137,137,137,137,135,135,135,135,131,130,127,124,120,121,122,124,123,123,116,106,98,88,88,69,67,70,74,78,75,76,73,81,99,94,89,88,71,65,54,45,37,38,46,59,72,84,97,89,29,18,24,21,16,16,16,16,16,17,18,19,16,17,18,19,17,18,19,20,18,17,16,15,17,19,21,23,27,27,30,51,61,76,100,116,120,120,120,120,120,119,118,117,112,112
112,53,103,111,84,166,220,210,178,119,69,61,56,48,49,35,61,86,104,96,83,121,181,190,86,100,92,69,39,32,42,40,41,45,46,54,66,63,75,87,86,84,86,90,94,95,96,97,98,89,85,81,230,243,231,222,200,181,161,149,143,157,152,151,158,156,153,156,153,145,140,138,113,108,100,85,74,73,88,191,158,102,219,215,228,218,222,227,227,228,217,218,219,213,204,179,196,189,176,187,145,95,190,176,210,200,193,195,178,175,179,183,173,176,167,160,196,178,158,157,137,149,133,155,145,191,190,173,173,172,161,175,189,201,195,147,164,132,174,172,167,249,247,247,237,237,235,224,234,246,233,220,212,212,178,149,166,184,182,163,158,141,141,150,181,141,170,104,109,131,185,191,182,208,191,169,109,161,114,144,143,113,100,100,80,180,97,59,83,67,56,80,34,2,3,4,5,5,5,7,8,9,10,11,12,16,14,12,10,9,9,9,9,8,7,5,5,5,5,5,5,5,5,5,5,11,11,8,19,55,91,89,65,31,8,8,2,5,5,5,5,3,3,6,8,8,2,13,58,86,90,90,85,72,73,69,48,19,3,1,2,3,3,3,3,0,82,158,198,189,163,138,104,78,71,56,40,14,8,4,7,20,38,63,77,82,79,77,78,76,84,98,110,119,121,122,120,109,102,92,55,24,5,10,4,3,4,5,6,11,18,29,39,28,27,48,82,106,122,130,129,132,132,132,131,139,138,136,135,139,138,135,133,131,127,123,123,127,129,131,133,131,129,125,122,121,121,121,121,122,113,108,99,92,89,87,72,65,68,69,80,83,74,71,86,100,95,84,91,71,58,44,36,35,39,46,53,62,73,97,92,46,17,27,24,21,18,15,17,22,20,18,16,11,12,15,17,19,19,17,16,18,17,15,14,14,13,15,20,21,24,40,56,58,70,95,120,121,121,120,119,118,121,122,119,114,113
113,53,109,120,85,154,214,211,180,124,71,60,56,51,49,39,65,95,106,95,93,140,177,173,78,98,93,74,47,41,45,42,42,45,47,56,66,66,78,89,88,85,87,91,94,94,95,96,97,96,92,80,242,234,232,211,194,174,158,149,144,151,152,156,163,157,152,154,152,148,139,128,102,103,92,76,66,72,102,207,143,104,211,213,226,221,225,228,228,234,215,226,222,180,214,153,191,196,207,224,160,108,199,183,200,181,197,193,179,177,177,178,171,159,173,171,194,183,158,139,129,149,131,146,149,184,184,174,164,173,164,181,194,196,179,139,153,148,162,175,169,247,245,245,235,237,238,228,237,247,238,222,214,208,178,153,170,189,176,175,165,142,152,149,187,181,175,123,127,144,157,207,156,197,155,168,138,159,138,137,104,94,98,100,99,165,94,63,86,73,66,90,5,2,3,4,5,5,6,7,9,11,12,13,15,17,16,13,11,10,10,10,10,9,8,6,6,5,5,5,5,5,5,5,5,9,10,3,27,66,92,86,60,31,7,7,5,5,5,5,5,6,6,5,5,1,32,69,98,115,111,99,86,78,82,82,66,26,4,2,2,3,3,3,3,0,84,159,196,184,154,127,98,89,86,77,66,48,40,31,31,47,60,77,84,81,78,76,77,76,84,96,107,117,119,120,118,111,105,96,61,26,5,8,3,3,4,5,6,6,10,16,21,23,24,42,74,99,116,123,124,128,129,131,133,134,134,132,131,132,131,128,126,123,119,115,116,116,118,121,123,126,124,122,121,121,121,121,121,119,112,107,95,87,84,84,74,65,68,69,80,85,81,75,88,104,94,80,93,68,53,46,43,43,43,46,52,57,70,93,92,49,18,26,25,22,18,16,17,22,20,17,15,11,12,15,17,19,18,17,15,16,16,15,14,15,14,15,19,23,28,58,65,60,72,95,119,126,124,121,118,118,121,122,119,114,113
114,60,116,129,89,131,203,213,184,132,75,60,57,56,49,44,71,98,104,94,100,143,179,162,78,95,94,82,61,55,49,45,45,44,50,59,66,69,80,90,87,86,88,92,96,93,94,95,96,101,99,96,245,235,237,206,196,167,155,149,142,143,152,160,164,160,151,150,150,139,132,124,108,98,86,71,67,75,146,219,107,115,189,212,224,222,225,227,226,225,227,226,221,178,195,157,178,224,216,224,179,119,199,188,194,187,195,203,193,177,190,177,175,175,177,179,208,167,171,132,139,143,130,137,153,187,186,180,169,170,167,188,200,204,183,144,157,159,149,176,176,245,242,243,232,234,239,232,239,245,243,223,215,204,177,155,171,186,182,188,147,129,156,152,170,187,159,129,108,117,175,194,140,136,119,114,123,117,140,126,108,111,87,91,101,165,98,67,91,69,73,37,6,2,3,4,5,7,7,9,10,15,16,17,19,20,19,16,14,11,11,11,11,10,9,7,7,5,5,5,5,5,5,5,5,7,8,12,53,87,99,89,64,36,8,6,6,5,5,5,5,3,4,9,13,30,68,110,133,141,128,104,84,81,87,91,78,39,6,2,1,3,3,3,3,3,87,156,185,169,136,111,91,93,93,92,87,69,63,58,61,67,75,82,81,80,77,75,76,77,83,93,101,110,112,114,111,111,107,101,68,30,5,6,3,3,4,5,6,9,10,10,11,15,20,30,61,90,107,116,117,123,124,126,127,123,123,121,120,120,119,116,114,110,106,102,102,100,103,107,111,117,117,118,118,121,121,121,121,117,113,108,92,77,75,80,77,65,68,69,80,89,92,82,92,109,97,80,88,60,42,46,52,49,43,39,43,47,65,86,93,55,19,25,25,23,20,17,19,22,20,16,12,11,12,15,17,17,17,15,14,13,13,14,14,17,15,14,18,19,37,79,67,61,71,92,113,126,124,121,118,118,121,122,119,114,113
115,73,119,130,94,112,194,214,187,140,78,60,57,59,50,49,76,87,98,92,96,125,167,132,84,93,96,89,74,68,53,48,47,43,52,62,67,68,79,87,84,87,90,94,97,92,93,94,95,100,100,131,231,238,231,201,195,167,156,148,136,138,151,160,157,148,135,132,134,125,119,112,106,85,73,65,69,79,211,169,103,130,164,216,224,220,223,224,221,220,228,226,217,181,181,139,179,222,205,212,175,131,192,181,186,195,197,196,199,182,178,186,176,171,179,207,202,172,127,91,133,145,145,149,168,192,186,173,178,165,165,190,202,198,186,138,152,171,156,169,168,242,240,241,230,228,236,231,237,241,244,220,212,203,177,153,163,174,183,174,128,122,152,135,160,179,120,144,100,116,181,173,115,53,98,141,144,113,144,132,84,90,86,81,153,189,112,69,96,81,87,5,11,2,3,4,5,8,8,10,11,19,19,21,22,22,21,18,16,12,12,12,12,11,10,8,8,5,5,5,5,5,5,5,5,5,5,39,85,107,108,99,78,46,13,4,2,5,5,5,5,7,15,33,46,66,96,129,149,154,136,110,93,89,95,98,85,50,8,3,1,3,3,3,3,9,90,150,166,152,117,98,90,95,97,96,93,83,76,70,72,72,78,81,77,79,76,73,75,78,83,90,96,101,103,104,102,107,105,101,70,33,5,4,2,3,4,5,6,10,10,10,10,9,16,20,50,85,103,113,116,120,119,116,114,111,110,109,108,110,109,106,104,99,95,91,91,90,93,98,103,109,111,114,117,121,121,121,121,119,117,112,92,70,67,75,80,65,68,69,80,92,102,88,95,113,106,84,76,50,29,42,57,48,36,26,29,39,60,81,94,59,20,23,26,24,21,18,20,23,20,14,9,11,12,15,17,16,16,14,13,10,11,13,14,18,15,14,16,23,63,99,69,58,67,85,104,116,117,118,119,118,121,122,119,114,113
116,85,121,128,95,88,194,214,186,136,88,64,56,54,53,60,74,94,88,85,92,102,131,104,88,89,92,98,87,85,63,54,49,47,55,63,64,63,81,88,86,84,87,90,88,89,86,86,89,98,94,164,227,229,221,197,186,162,157,144,128,132,154,158,152,139,122,115,109,100,109,97,85,69,60,63,67,151,201,101,136,153,125,218,218,219,220,219,211,217,222,234,210,179,192,165,195,222,220,194,192,190,213,211,200,188,189,169,169,159,170,180,182,179,195,202,157,126,90,86,148,150,158,167,182,202,173,177,165,165,161,195,208,202,182,134,157,178,168,183,169,244,242,243,221,232,230,221,234,238,249,220,216,191,176,152,159,164,169,138,140,134,146,104,152,167,116,153,77,146,181,128,108,56,100,161,116,130,171,100,101,83,92,78,144,220,144,66,92,83,91,5,2,2,3,4,5,9,11,13,15,19,23,27,27,26,23,19,16,15,15,15,15,11,10,8,8,7,6,5,4,4,1,5,8,0,24,76,109,119,117,110,85,63,22,0,1,2,2,2,2,12,29,55,69,77,102,137,157,155,147,122,102,98,101,109,94,63,9,1,2,3,3,3,3,10,89,135,147,123,99,90,100,106,106,104,98,88,86,83,80,81,80,79,79,78,77,75,73,76,78,82,86,88,90,94,98,99,109,97,71,26,6,3,0,5,5,5,5,10,9,8,6,7,10,13,41,85,103,113,114,112,107,101,100,91,93,97,101,102,100,96,93,88,86,83,81,81,85,93,99,107,112,117,118,119,120,124,126,121,127,121,103,68,63,76,78,79,68,72,76,83,104,94,102,119,108,78,69,44,32,48,60,46,33,19,17,27,57,74,88,58,18,27,26,26,25,24,23,22,17,11,10,10,12,15,18,15,14,11,9,9,10,11,12,20,14,14,12,22,102,115,75,57,59,75,99,115,115,116,116,119,119,119,119,115,115
117,82,121,129,96,73,184,217,190,136,88,64,56,58,57,60,69,76,80,85,86,86,97,90,88,89,91,99,92,88,65,56,50,49,55,62,66,65,78,80,76,79,82,84,83,77,76,79,84,86,85,197,228,234,207,191,182,160,151,135,118,127,151,148,138,123,109,98,88,96,91,75,69,68,65,64,66,198,124,106,159,159,104,214,230,218,219,218,210,208,231,202,228,191,194,169,208,223,213,201,200,187,200,196,195,191,180,158,162,141,175,178,175,170,209,193,117,109,98,96,147,164,175,170,182,194,165,158,164,158,169,198,213,185,180,141,150,168,190,195,165,239,243,242,224,230,232,229,234,237,243,212,207,168,160,131,140,147,142,140,157,126,128,111,164,134,121,115,78,136,184,96,96,66,55,145,104,155,154,96,145,71,74,104,153,224,174,73,87,87,81,5,3,2,3,4,5,9,11,14,16,22,27,30,30,27,25,21,18,15,15,15,15,11,10,8,8,7,6,5,4,1,4,6,5,13,48,96,120,126,125,118,94,65,25,2,2,2,2,2,2,15,35,62,73,73,96,130,152,157,153,128,107,101,104,113,97,63,10,1,2,3,3,3,3,15,86,123,133,112,96,95,108,115,115,112,105,94,93,91,89,89,88,87,85,80,79,76,73,71,73,77,80,83,85,89,92,101,110,98,71,25,5,3,1,5,5,5,5,9,9,8,7,7,9,11,38,80,100,112,112,108,102,93,89,86,88,92,95,94,92,88,85,82,83,84,85,85,89,95,100,108,113,118,119,122,123,126,128,129,134,129,114,81,64,70,77,82,73,74,78,83,100,100,110,124,109,76,58,43,41,58,63,46,33,19,17,25,53,70,85,61,19,26,27,26,25,24,23,22,17,12,12,12,13,16,18,15,14,11,9,9,10,11,12,18,18,16,9,29,119,119,79,58,57,69,93,109,111,114,117,118,118,118,118,115,114
118,75,118,129,93,61,177,219,184,136,88,64,56,60,60,61,65,64,75,83,79,85,78,83,87,88,89,101,100,94,70,59,53,52,55,61,68,69,77,73,69,72,76,78,77,67,68,72,78,82,72,225,235,233,196,186,175,162,150,131,115,130,153,134,108,104,102,94,87,94,77,62,59,57,54,50,138,139,119,141,165,150,94,210,235,215,216,215,207,216,197,234,198,216,199,194,211,213,200,198,196,201,196,209,197,184,170,159,172,171,169,192,187,177,198,154,109,128,118,119,170,175,171,165,194,196,171,157,167,159,173,193,204,175,175,138,175,174,203,187,181,231,246,239,229,230,230,232,233,232,240,207,202,149,138,112,123,126,141,141,154,130,119,122,162,115,110,78,111,105,171,98,64,80,58,85,136,142,149,139,89,77,64,127,192,229,214,87,80,95,63,4,5,2,3,4,5,9,11,15,19,25,29,33,32,30,28,24,20,15,15,15,15,11,10,8,8,7,6,5,4,1,7,5,12,43,80,114,126,132,131,126,103,70,28,3,3,2,2,2,2,11,34,62,70,69,89,121,147,160,159,135,111,103,106,115,99,65,11,3,4,3,3,3,3,19,79,105,114,100,96,106,119,127,126,122,114,106,105,104,103,104,103,100,97,88,85,81,77,71,74,78,81,83,86,90,93,104,113,99,71,23,4,4,2,5,5,5,5,8,8,8,8,6,7,8,34,75,99,114,111,107,99,90,85,86,89,93,96,94,92,88,84,84,87,90,94,95,98,103,107,114,119,124,125,128,128,129,130,136,139,136,127,95,69,65,72,84,80,75,79,84,95,110,124,128,108,74,41,41,57,74,68,46,33,19,17,25,50,65,84,67,20,25,27,26,25,24,23,21,17,14,15,15,16,17,17,15,14,11,9,9,10,11,12,14,20,15,10,52,137,115,77,53,49,60,88,106,109,113,118,115,115,115,115,113,113
119,66,112,125,88,46,167,222,184,136,88,64,56,55,59,64,67,73,78,81,79,76,75,84,86,88,88,102,107,99,75,62,55,55,56,61,70,74,79,76,74,70,74,76,75,72,71,71,75,72,73,242,237,224,199,188,168,155,141,124,114,125,152,127,95,103,109,100,93,83,68,61,56,51,52,76,157,115,152,162,142,120,114,208,223,213,214,213,205,195,220,214,198,206,192,204,216,209,203,194,191,207,203,188,181,187,171,159,158,159,182,184,169,189,194,152,138,151,128,147,181,180,169,180,205,188,146,140,171,155,155,184,195,166,170,153,175,164,187,164,169,224,249,236,233,234,222,225,232,228,242,190,177,137,112,99,109,106,132,141,127,117,109,118,141,109,95,96,127,86,163,92,64,77,64,54,171,145,137,129,79,105,66,168,216,231,235,100,78,101,48,4,7,2,3,4,5,8,11,17,22,23,27,31,31,32,30,26,23,15,15,15,15,11,10,8,8,7,6,5,4,4,5,3,28,72,98,111,119,129,130,126,104,74,31,5,4,2,2,2,2,11,36,66,71,69,86,117,145,159,160,138,111,102,105,114,98,66,13,4,5,3,3,3,3,16,69,90,102,100,102,118,128,134,132,127,118,115,116,116,116,117,115,111,107,97,94,89,84,82,85,89,92,94,97,101,104,107,115,100,70,21,3,4,4,5,5,5,5,6,7,8,10,5,6,6,31,74,102,118,115,110,105,98,96,97,100,104,107,108,105,101,98,99,100,102,103,107,109,113,116,122,127,132,133,133,133,132,132,135,137,135,131,101,76,68,66,82,81,72,75,85,90,119,136,126,103,72,33,39,70,88,72,46,33,19,17,29,50,65,86,71,22,23,28,26,25,24,23,21,18,15,17,18,18,17,17,15,14,11,9,9,10,11,12,11,15,8,18,83,139,101,68,44,39,54,88,112,113,115,117,113,113,113,113,112,112
120,50,107,115,82,35,156,217,192,136,82,60,61,56,62,70,74,82,86,89,88,79,82,87,91,95,102,108,115,97,75,67,62,55,58,67,78,80,83,85,83,81,80,79,78,80,79,77,75,70,102,244,230,219,202,184,175,150,131,113,102,110,151,128,104,103,102,109,89,68,62,60,53,52,52,114,127,126,146,168,110,135,136,202,222,223,212,205,201,184,215,204,185,190,195,200,224,203,212,194,187,201,197,207,175,166,163,147,162,169,175,174,186,179,168,139,140,137,130,144,176,179,167,206,189,150,144,138,174,151,146,187,204,156,173,163,117,130,185,163,170,204,251,238,238,233,205,223,227,229,249,175,157,121,90,104,89,109,135,135,101,105,105,116,120,113,89,96,93,95,139,88,77,81,71,43,161,130,131,112,132,135,71,198,223,235,235,124,74,100,36,3,4,2,2,2,2,5,9,16,21,23,24,28,30,32,32,27,19,14,14,12,11,9,8,6,6,4,4,4,4,5,2,9,49,90,99,112,116,120,122,122,103,75,40,10,3,5,0,5,0,15,52,76,86,82,89,120,149,161,161,138,112,103,100,112,99,70,15,4,2,4,2,3,6,25,55,83,97,101,113,129,135,137,134,129,124,124,124,125,126,128,125,119,114,108,104,98,93,89,92,98,103,110,110,110,110,114,116,99,67,19,3,5,2,5,8,9,6,4,5,6,7,10,5,5,25,70,103,120,125,110,109,107,106,115,117,120,122,118,116,111,107,105,106,110,112,113,115,118,120,125,129,133,134,137,136,134,132,130,130,127,121,102,83,69,62,69,86,73,73,85,88,118,152,125,87,79,36,32,86,92,72,47,24,19,17,24,52,62,83,83,25,27,26,27,28,26,21,23,19,17,18,17,20,21,18,15,11,9,10,9,9,11,12,13,12,5,28,111,130,83,53,34,28,46,89,117,117,117,118,115,115,115,115,109,109
121,54,106,110,78,29,139,215,195,136,82,60,61,58,67,78,85,92,95,97,95,90,92,95,98,99,103,111,118,96,75,67,63,56,59,67,77,88,92,95,93,91,90,89,88,85,83,80,77,77,141,236,222,213,197,179,167,144,120,100,91,96,133,114,107,105,96,95,84,71,60,57,56,50,60,123,113,136,150,162,132,146,140,205,226,224,206,207,196,188,212,189,184,180,204,194,211,197,207,188,196,192,193,194,175,163,162,142,167,166,172,182,175,175,169,153,143,138,132,158,174,178,170,190,163,140,145,133,160,143,158,188,173,136,130,137,100,139,180,152,169,180,251,242,231,236,217,231,227,222,250,169,147,116,116,98,115,135,136,105,100,99,115,106,110,89,84,90,89,94,126,88,79,76,62,45,134,134,152,116,121,133,106,207,231,236,244,153,77,98,34,2,4,2,2,2,2,5,9,16,21,23,24,27,29,30,29,25,19,14,13,12,10,9,8,6,6,4,4,4,4,6,1,25,68,91,98,108,113,119,122,121,103,75,41,11,4,5,1,5,1,25,60,84,93,90,96,125,152,162,162,139,113,104,101,114,101,70,15,4,2,4,2,3,6,24,55,84,98,108,119,132,137,137,134,128,124,125,126,127,129,129,126,121,116,111,109,106,103,100,103,108,112,116,116,116,116,116,118,99,67,19,3,5,2,5,8,9,6,4,5,6,7,10,6,5,22,64,98,116,121,116,115,114,113,118,119,121,123,122,120,117,113,111,113,115,117,117,119,121,123,127,130,134,133,131,129,126,124,122,122,120,114,100,83,70,62,61,83,77,70,81,87,125,158,116,84,80,45,36,89,94,72,46,23,19,18,27,54,68,87,87,31,25,27,27,28,26,21,23,19,17,18,17,20,21,18,15,11,9,10,9,10,11,13,11,16,11,69,129,118,74,47,28,24,44,89,118,118,118,118,116,116,116,116,111,111
122,60,103,100,71,25,112,209,195,136,82,60,61,60,72,89,100,105,108,108,105,103,103,103,104,102,101,114,119,95,74,68,65,58,60,66,75,92,97,101,101,98,97,96,95,89,86,82,78,72,189,230,222,202,189,170,154,128,109,91,80,76,125,116,107,104,94,88,90,66,56,54,54,53,72,92,120,153,187,195,166,161,152,195,214,220,208,205,193,185,207,185,175,185,197,177,196,185,208,185,189,190,189,185,177,168,162,172,166,163,163,173,161,155,150,138,138,142,159,168,175,162,171,183,164,147,133,108,139,123,121,172,177,167,154,127,158,150,177,141,169,155,249,244,226,235,225,233,229,218,251,177,152,138,116,118,130,127,128,108,118,98,104,112,96,90,81,82,93,83,99,90,89,71,52,43,96,158,142,82,120,165,151,202,238,230,243,183,70,95,32,1,4,2,2,2,2,5,9,16,21,23,24,25,26,25,26,23,18,12,12,10,9,9,8,6,6,4,4,4,4,3,11,50,85,97,99,106,111,118,120,120,101,77,42,12,5,4,3,3,5,41,76,98,106,105,109,133,157,165,165,142,116,107,104,116,104,70,15,4,2,4,2,3,6,27,58,88,104,117,126,135,136,132,129,124,120,122,124,127,130,129,127,124,121,118,117,115,114,113,115,119,122,119,119,119,119,117,117,98,64,19,3,5,2,5,8,9,6,4,5,6,7,10,8,6,17,57,92,111,118,119,119,119,120,119,120,121,122,123,121,119,117,117,117,118,119,119,119,120,121,122,126,128,126,124,121,117,113,107,108,107,102,96,83,73,63,54,75,78,69,76,85,133,161,106,83,81,56,39,90,93,69,44,22,19,19,27,54,75,91,94,42,22,29,27,28,26,21,23,19,17,18,17,20,21,18,15,11,9,10,11,11,13,14,13,18,38,119,143,104,63,39,22,20,44,93,122,121,119,117,117,117,117,117,115,115
123,64,101,92,65,25,93,204,191,136,82,60,61,58,72,93,108,112,114,113,110,105,105,103,102,101,96,112,117,93,73,68,66,59,60,66,74,85,90,96,97,94,93,92,91,89,86,80,76,70,218,229,220,192,181,163,143,111,106,98,79,85,131,119,108,103,97,84,79,52,52,55,47,32,64,95,149,184,201,194,188,185,180,186,199,210,220,199,193,192,193,179,172,188,178,178,181,176,199,171,188,186,172,175,165,160,155,164,165,166,171,168,165,155,177,153,126,128,158,170,167,159,177,175,164,130,105,98,136,120,132,174,167,159,152,118,164,155,180,141,169,150,245,242,225,228,219,222,230,207,237,186,163,144,114,128,127,149,131,122,100,105,99,118,89,95,78,84,83,83,81,90,89,71,50,38,72,158,125,114,154,203,181,199,229,230,240,201,67,92,30,1,4,2,2,2,2,5,9,16,21,24,24,23,23,21,23,21,17,11,11,9,8,9,8,6,6,4,4,4,4,8,46,82,96,105,104,106,112,117,119,119,100,77,43,13,5,3,4,1,6,54,89,109,117,117,118,139,160,167,166,143,118,108,105,119,105,70,15,4,2,4,2,3,6,31,63,95,111,120,128,134,131,125,122,117,112,117,120,124,127,130,128,125,123,125,123,118,115,117,118,121,123,115,115,115,115,113,113,92,58,19,3,5,2,5,8,9,6,4,5,6,7,11,9,6,12,55,90,110,118,114,115,117,118,117,117,117,117,116,115,114,113,114,114,114,114,113,113,113,112,112,115,115,113,107,104,98,94,94,96,96,92,93,83,74,63,53,65,71,70,74,84,134,155,103,83,81,60,39,89,89,63,43,22,20,20,37,63,90,103,100,51,20,30,27,28,26,21,23,19,17,18,17,20,21,18,15,11,9,10,11,12,13,14,20,15,77,138,136,99,56,32,19,19,47,98,123,122,119,117,118,118,118,118,117,117
124,64,89,86,71,46,65,190,197,136,80,59,61,58,73,91,103,110,110,107,101,96,98,97,93,87,87,98,117,96,78,74,72,61,56,68,65,71,77,76,80,92,91,89,88,88,83,78,76,71,235,212,200,183,170,145,122,105,113,101,79,110,134,126,122,111,96,86,58,51,53,48,24,22,99,113,205,212,208,201,203,200,188,174,185,209,210,204,187,201,170,179,165,167,171,186,193,178,185,177,167,183,169,168,166,169,172,175,166,154,167,152,157,155,176,141,125,132,160,162,169,183,179,179,159,137,109,123,134,139,170,156,155,172,145,145,131,150,179,165,160,155,249,237,231,228,213,213,233,204,227,201,181,147,123,118,145,150,115,89,70,115,117,90,89,84,81,77,77,79,90,93,80,69,49,45,66,156,107,137,173,224,199,217,232,227,242,230,71,83,21,3,1,2,2,2,2,0,8,18,23,24,21,18,17,20,20,15,14,11,10,9,8,6,6,6,6,4,4,5,3,27,70,92,104,107,109,112,115,117,114,112,99,77,45,15,8,2,2,0,22,68,97,118,120,121,127,143,161,167,165,142,120,108,110,118,102,71,18,3,3,2,3,2,9,44,76,105,117,129,127,124,122,117,112,107,106,108,111,116,121,121,122,123,124,122,117,112,111,110,114,116,115,113,107,101,104,105,104,82,47,15,7,1,3,4,7,8,6,1,6,4,8,11,7,11,11,59,91,114,115,114,114,114,115,113,113,113,113,112,108,104,105,106,106,105,104,105,102,100,101,97,101,100,93,91,84,77,78,76,81,86,87,89,87,78,66,55,54,66,72,74,89,124,139,98,88,87,71,44,75,95,60,36,23,23,26,47,80,112,113,103,70,23,28,27,26,23,21,20,20,20,20,22,21,19,17,14,11,10,13,14,15,16,18,16,34,104,131,123,96,55,29,18,22,60,106,124,122,119,117,117,118,119,121,117,117
125,59,85,85,72,50,61,182,202,136,79,55,59,62,71,85,93,96,96,93,87,88,90,90,87,79,79,93,116,96,79,76,73,64,58,66,59,60,67,68,72,80,81,85,87,89,84,79,79,92,228,209,198,169,156,133,115,117,108,89,89,113,141,149,125,114,88,72,54,62,54,32,10,69,140,203,176,180,193,229,226,209,221,176,183,217,188,215,187,179,167,178,162,173,173,176,174,158,183,175,181,150,161,159,159,159,164,166,162,155,158,154,148,161,157,138,114,144,160,168,166,187,168,175,150,144,107,118,143,157,180,148,146,159,126,148,135,154,176,162,162,152,248,239,235,224,185,220,233,210,236,187,183,155,128,123,165,113,91,64,65,126,112,96,82,75,77,81,76,84,92,92,80,65,45,44,61,130,105,138,177,228,209,227,238,236,239,238,84,85,17,3,2,2,2,2,2,3,8,18,26,28,25,20,16,9,11,13,12,11,10,9,8,6,6,6,6,5,3,4,5,43,81,95,101,99,101,103,105,105,102,102,91,74,44,17,9,3,2,0,23,69,94,112,115,115,122,141,161,166,164,141,120,111,113,120,102,66,16,3,2,3,3,2,13,54,85,110,119,124,123,121,119,111,106,101,101,102,105,111,115,122,123,124,125,120,115,110,109,108,112,114,113,107,100,96,99,102,101,79,43,15,7,1,3,5,8,9,6,3,5,0,5,10,6,11,21,61,91,114,116,115,115,115,115,113,113,113,113,110,106,102,103,102,101,100,98,98,94,92,93,91,93,88,78,67,60,54,56,64,71,80,84,87,86,79,65,55,47,55,64,76,90,120,127,95,86,85,74,45,65,89,62,48,28,25,35,59,88,112,108,98,73,28,26,27,26,23,21,20,20,20,20,21,21,20,19,13,11,9,12,15,15,16,16,11,43,104,124,119,99,61,28,19,27,64,105,122,120,118,116,116,117,118,119,116,116
126,55,83,87,77,56,55,169,208,141,80,54,60,67,67,70,73,79,79,76,70,71,74,75,73,67,67,85,116,95,81,80,73,62,59,66,53,51,60,64,71,80,83,88,92,89,86,82,83,123,220,198,189,162,149,131,120,113,103,85,84,102,132,155,119,115,82,63,55,48,45,11,79,161,180,173,182,172,217,221,193,204,211,221,197,213,176,207,200,178,167,170,172,177,179,177,173,182,178,166,151,151,171,161,159,172,173,161,159,151,144,150,153,150,154,125,121,145,164,161,168,180,168,186,155,141,108,120,150,164,165,119,148,169,128,149,142,152,179,157,175,153,249,240,238,215,182,215,220,216,232,203,189,146,133,143,137,102,68,57,58,122,106,102,83,72,73,84,78,90,93,90,78,62,43,46,55,118,105,149,177,223,212,230,234,243,238,245,102,88,12,3,4,2,2,2,2,5,7,20,40,56,52,41,26,15,7,11,11,11,10,9,8,6,6,6,6,7,3,4,9,44,82,94,99,93,94,95,96,95,94,97,87,69,43,20,11,5,4,1,24,68,87,101,102,101,112,135,157,165,163,140,118,109,111,116,98,58,13,3,2,4,3,4,20,65,92,112,116,111,111,110,109,104,100,96,97,97,100,105,110,120,121,122,124,118,114,108,108,107,110,112,111,100,94,91,95,100,100,78,42,15,7,1,3,7,9,10,8,6,5,0,7,16,19,24,42,75,99,116,118,119,118,116,114,113,113,113,113,109,105,101,101,100,98,95,93,88,85,83,84,83,83,76,63,51,44,40,43,55,62,72,77,79,84,81,67,57,45,45,46,66,83,111,109,90,86,83,79,51,51,83,69,53,33,33,50,85,96,102,95,97,73,30,26,27,26,23,21,20,20,20,20,21,21,21,22,15,12,11,14,16,16,16,16,11,46,100,113,116,109,79,36,22,35,72,104,117,116,115,114,113,113,115,116,117,117
127,54,84,91,85,62,49,157,214,148,84,55,63,67,60,53,52,56,56,53,48,52,56,58,57,56,56,78,115,94,83,83,73,56,56,66,52,54,63,70,79,84,86,89,92,90,87,85,86,144,213,182,172,159,146,131,127,108,95,72,69,85,121,142,116,97,68,55,51,42,19,54,132,173,173,163,177,209,176,136,113,114,138,180,212,208,171,190,206,177,168,161,172,180,184,178,171,176,159,144,144,160,167,156,158,173,173,155,155,153,142,153,160,156,130,133,124,144,157,152,157,174,169,170,162,136,124,145,162,168,191,133,154,175,137,134,152,160,171,173,176,158,252,241,235,221,202,205,199,200,210,205,185,144,128,141,126,87,65,52,74,116,114,97,82,78,70,84,85,91,90,83,72,62,43,52,53,99,120,160,185,218,215,233,231,240,241,244,112,91,6,3,6,2,2,2,2,5,7,27,60,80,82,78,66,44,14,6,9,11,10,9,8,6,6,6,6,8,2,3,12,41,75,82,82,80,80,80,80,81,83,87,80,64,42,23,13,6,5,3,25,63,77,86,88,86,99,125,151,164,162,139,117,101,102,106,87,51,10,3,2,5,2,5,25,67,92,107,107,106,106,107,107,100,97,95,96,95,98,103,108,116,116,118,119,116,111,106,105,105,108,110,109,96,91,89,95,102,101,79,43,15,7,1,3,8,10,11,9,6,4,2,16,45,61,65,76,95,113,120,118,121,120,117,114,113,113,113,113,106,102,99,99,101,98,94,91,83,80,77,79,77,78,72,61,47,42,39,43,55,60,67,70,65,77,84,74,61,53,45,26,38,62,98,95,85,85,81,83,59,42,80,79,56,48,59,75,91,84,83,94,102,71,25,28,27,26,23,21,20,20,20,20,20,21,23,24,19,17,16,18,18,17,16,14,20,36,90,104,114,122,103,54,25,42,79,104,108,108,108,109,106,106,108,109,106,106
128,54,87,96,88,68,52,141,220,161,92,58,63,65,63,33,28,35,36,34,30,38,43,48,50,41,53,84,110,93,90,86,68,51,63,62,55,56,68,75,81,85,85,85,85,85,82,78,86,178,191,186,156,148,139,136,131,106,80,61,57,70,106,132,112,80,65,56,51,35,41,80,163,206,144,191,173,121,101,88,86,77,4,61,142,196,187,190,211,195,173,156,173,183,179,173,168,155,152,134,141,155,156,148,155,170,174,152,154,119,127,142,146,137,138,144,138,146,148,163,161,174,166,172,142,123,124,149,158,173,192,153,116,164,130,143,174,164,170,189,179,154,246,235,235,219,187,188,197,185,190,203,173,149,142,147,100,74,67,57,72,115,117,84,79,79,79,83,88,97,88,81,72,62,46,53,59,77,143,156,200,220,212,225,241,242,233,239,99,90,8,6,3,2,2,2,2,6,7,35,71,84,92,99,98,81,34,4,6,5,5,7,8,8,7,5,5,3,6,0,15,46,60,65,64,63,63,64,64,69,68,72,67,53,38,24,15,7,6,8,24,59,72,78,76,76,93,124,150,165,160,139,111,97,92,93,73,35,6,4,3,0,2,4,31,69,91,102,99,102,109,113,111,109,103,97,95,99,98,98,101,109,110,111,112,112,111,109,108,113,114,114,111,101,98,97,100,108,101,81,42,17,6,7,1,11,18,19,8,5,3,2,29,63,91,103,103,118,119,120,122,123,121,118,116,112,111,110,109,99,99,99,99,110,107,101,96,89,88,85,78,77,76,73,70,59,57,57,61,64,69,66,68,73,81,82,77,67,55,41,22,10,36,91,91,85,76,79,85,67,43,67,95,76,71,77,87,94,103,115,123,112,73,20,24,26,25,24,23,21,21,21,21,20,24,28,28,23,20,18,20,19,16,13,15,20,25,82,99,110,134,126,77,40,50,81,101,99,102,102,97,98,100,101,99,94,94
129,61,92,99,93,76,57,124,224,169,98,61,62,64,60,27,19,21,24,27,25,25,30,34,35,36,49,81,109,93,90,84,65,50,62,62,56,56,67,72,76,77,77,77,77,76,72,70,76,201,196,185,146,138,130,139,133,101,73,54,58,63,110,137,108,67,50,51,42,34,71,127,191,165,159,141,73,43,130,97,85,97,71,59,65,103,181,200,191,181,184,171,163,175,173,168,164,160,142,119,140,144,146,146,157,168,170,142,139,113,118,128,145,136,139,146,139,145,152,153,153,175,174,163,148,128,144,154,164,167,161,113,103,175,151,160,177,156,165,188,188,180,246,227,231,217,205,197,198,187,198,205,179,139,137,130,91,67,61,60,102,123,106,101,85,81,84,88,91,96,86,81,72,62,48,55,60,71,137,158,186,229,209,227,241,244,236,232,96,88,9,5,3,2,2,2,2,3,6,37,72,84,96,111,116,102,64,15,2,5,6,7,9,8,7,5,5,4,5,0,16,43,55,58,59,61,61,60,60,64,64,69,65,55,40,27,17,10,7,8,26,59,73,79,77,79,95,123,147,163,159,138,110,90,83,82,64,32,5,4,2,1,3,4,30,68,89,101,101,105,112,116,114,111,105,99,97,100,98,99,102,109,110,111,112,115,115,114,113,117,119,118,115,104,101,100,103,109,98,77,41,20,8,6,5,23,29,27,11,5,4,3,31,79,108,119,119,119,119,120,121,122,121,118,116,111,110,109,107,102,102,102,102,108,106,103,101,96,95,90,83,80,79,76,74,69,68,68,72,76,81,79,81,82,91,86,76,67,55,41,22,8,30,86,87,83,74,77,82,70,48,78,103,71,67,84,103,123,128,133,134,116,77,23,26,27,26,25,24,22,22,22,22,22,26,30,29,27,23,21,22,21,17,15,16,19,27,87,104,111,139,137,91,42,52,83,103,97,99,99,95,95,97,98,96,92,92
130,71,97,101,97,84,64,111,227,175,103,62,61,63,59,25,15,25,29,34,35,29,33,36,35,37,49,80,106,95,91,82,61,48,61,63,57,59,68,70,72,71,71,71,71,70,66,67,68,211,196,181,142,128,127,138,125,87,62,49,57,60,115,135,95,67,50,51,44,62,116,174,167,143,109,61,61,44,103,100,98,91,92,80,69,37,52,159,214,187,175,184,164,165,164,162,161,152,143,123,136,144,141,147,158,176,173,140,133,114,116,121,141,131,137,147,138,144,147,142,148,165,172,153,162,162,166,175,163,164,155,119,118,195,179,178,178,125,142,179,201,203,250,232,222,207,211,199,198,209,209,215,175,141,136,121,85,64,49,63,132,116,112,103,66,83,89,94,94,92,84,80,73,61,50,58,60,68,118,159,183,234,198,229,241,246,242,205,87,84,11,2,4,2,2,2,2,0,8,43,77,101,112,124,128,119,88,30,1,7,7,9,10,8,7,5,5,3,4,1,24,54,61,62,64,64,64,62,61,63,63,70,67,59,44,31,21,15,8,8,30,63,77,83,81,84,98,122,143,158,153,132,104,81,70,66,50,26,4,6,2,3,4,4,28,67,86,99,105,110,117,122,119,115,109,103,101,101,100,100,104,109,110,111,112,117,117,118,118,120,122,122,118,109,107,106,108,111,94,69,40,24,12,4,11,43,49,40,15,5,4,5,34,84,112,124,124,120,120,120,120,118,116,114,111,108,107,106,105,103,103,103,103,105,106,107,108,108,107,101,92,85,84,83,83,78,76,76,80,85,90,87,89,100,114,97,77,67,55,41,22,7,21,80,84,79,70,73,78,73,59,94,97,51,58,100,125,138,138,135,129,120,80,25,27,28,27,26,25,23,23,23,23,24,28,32,32,30,25,21,21,23,20,18,19,16,30,95,113,115,149,152,106,46,56,87,107,96,96,96,97,97,99,100,98,96,95
131,75,98,100,97,83,68,117,225,171,100,61,62,64,62,30,24,41,44,47,47,43,46,49,47,47,56,81,103,97,92,81,57,47,60,63,59,64,72,72,72,73,73,73,73,75,71,75,71,210,199,171,133,111,124,116,94,68,56,52,54,65,116,121,78,56,49,47,65,127,180,174,145,59,70,69,60,48,75,136,102,111,100,87,63,46,31,40,116,205,180,181,175,160,161,161,161,152,150,133,139,148,137,139,142,161,159,126,118,119,121,125,126,123,132,144,134,144,133,137,150,164,164,146,161,174,168,163,152,163,156,147,150,211,194,180,175,143,150,170,187,223,248,230,222,218,211,200,200,206,217,224,178,148,130,119,74,63,60,102,139,128,112,98,79,81,89,96,93,90,82,79,73,60,52,61,60,71,93,159,203,230,182,228,242,245,248,168,78,81,13,0,4,2,2,2,2,1,13,51,85,113,123,133,134,126,96,54,19,8,8,10,11,8,7,5,5,1,3,6,40,63,68,66,70,74,73,70,68,69,70,77,75,62,47,34,24,19,9,9,33,70,84,90,88,89,101,121,139,150,145,124,96,77,62,57,42,22,3,7,1,5,5,3,27,66,83,98,109,115,121,126,123,118,113,106,104,103,101,101,105,109,110,111,112,115,116,118,119,120,122,122,118,114,111,110,113,113,90,63,40,27,16,3,17,60,65,52,19,4,4,6,36,78,106,118,118,122,121,120,118,111,109,107,104,106,105,104,103,100,100,100,100,103,105,110,114,119,117,109,100,89,89,89,90,89,87,87,91,92,97,95,97,119,136,110,82,67,55,41,22,10,17,79,84,75,67,70,75,74,70,106,73,25,51,116,138,145,144,138,129,120,79,23,24,29,28,27,26,24,24,24,24,27,31,34,34,29,24,18,17,25,22,20,21,14,33,103,120,121,157,160,111,49,59,91,111,99,97,97,102,105,108,109,106,105,104
132,86,93,98,95,85,72,117,218,171,110,66,59,67,63,32,40,62,63,64,66,68,70,71,68,62,69,83,95,99,92,73,51,49,64,58,66,81,83,85,82,82,82,81,80,82,80,80,69,219,191,152,121,100,110,81,59,57,50,52,56,69,114,111,64,54,56,52,137,183,178,107,65,78,84,76,65,52,56,145,114,113,105,88,68,33,33,35,36,74,181,194,166,166,156,161,155,146,148,136,138,132,131,132,137,153,148,92,101,112,115,118,114,123,137,140,119,138,126,139,154,155,155,141,164,176,155,158,155,152,169,151,163,221,188,168,181,143,135,163,179,235,252,223,213,207,191,192,193,189,203,235,184,125,127,89,74,58,81,136,143,108,113,107,77,80,90,97,93,86,83,75,64,55,57,59,62,67,80,165,215,225,169,222,239,250,247,131,68,57,10,8,0,2,2,2,2,0,17,61,94,111,123,132,126,112,97,72,50,22,14,9,14,7,7,5,2,2,2,18,58,82,82,82,82,83,83,83,83,84,84,88,79,69,50,33,24,12,9,5,39,75,91,98,95,95,106,117,132,142,131,116,93,68,63,59,44,25,12,5,3,7,4,4,22,60,82,100,108,115,120,123,120,114,114,114,114,108,108,108,108,111,111,111,111,109,113,115,114,114,114,113,113,109,108,109,114,109,90,65,39,28,17,8,31,69,81,62,23,3,5,8,39,78,98,112,117,116,119,120,118,107,104,102,103,105,103,99,96,96,96,96,95,101,99,102,111,115,116,112,102,91,92,95,96,95,94,93,92,96,95,100,108,133,145,127,86,69,57,45,27,14,17,75,82,71,65,62,66,68,81,99,45,10,40,111,137,137,142,140,129,126,73,17,24,31,31,30,27,25,25,26,27,27,34,38,35,34,22,10,9,16,34,24,20,17,30,112,125,127,160,163,118,59,56,91,107,103,101,100,104,115,116,117,117,115,116
133,87,94,98,95,88,77,126,219,174,113,67,59,64,63,44,52,72,74,78,80,77,79,81,79,76,81,90,97,96,88,70,51,51,64,58,67,92,95,98,97,98,97,96,94,92,92,91,83,215,195,150,111,103,105,63,52,57,55,62,68,72,101,78,57,54,49,147,191,169,82,53,63,84,89,77,60,51,37,117,112,117,101,92,66,33,34,35,37,29,43,128,180,171,162,143,143,134,143,137,129,124,125,130,138,137,130,95,88,107,108,106,102,130,103,127,109,124,122,142,153,155,152,142,156,154,149,157,154,140,171,155,177,203,183,160,168,143,140,176,183,245,243,226,214,192,186,199,204,198,196,225,176,127,116,85,71,64,122,158,141,105,110,84,80,84,92,98,92,83,81,72,62,55,56,59,61,63,78,157,220,216,178,224,236,244,227,98,70,52,9,6,0,2,2,2,2,1,18,59,89,106,116,122,118,97,90,79,69,54,40,22,13,10,8,4,3,0,1,25,67,92,92,92,92,89,89,89,89,90,90,93,83,69,50,33,24,11,6,6,42,76,90,95,93,96,107,116,127,130,117,102,83,72,66,62,51,27,13,7,4,7,4,5,23,64,84,99,104,106,109,111,110,112,112,112,112,110,110,110,110,109,109,109,109,111,109,102,93,98,98,98,98,96,95,97,102,104,88,67,42,28,11,8,43,80,89,66,26,4,5,8,38,74,93,105,109,111,113,114,112,103,100,97,99,104,101,97,94,91,91,92,92,93,91,94,104,111,113,110,101,95,97,100,102,103,103,101,100,104,102,107,115,137,152,135,91,69,57,45,27,14,16,64,79,71,65,62,66,66,80,87,32,9,27,87,124,126,133,135,126,120,91,25,17,28,31,31,27,24,25,26,28,31,37,40,35,29,20,11,9,15,34,23,19,17,33,113,124,123,158,164,121,59,54,88,106,99,99,101,106,115,115,117,118,120,120
134,88,95,100,97,93,87,143,221,181,117,69,58,69,69,55,56,68,72,78,83,89,93,95,94,94,95,95,95,90,81,64,51,55,64,57,70,92,97,103,104,106,105,102,99,99,103,99,98,207,191,152,101,114,103,60,68,78,76,81,81,78,90,80,55,49,139,193,140,74,49,57,55,84,93,82,62,53,41,58,134,119,101,93,61,35,35,37,38,40,36,39,50,127,167,151,150,142,137,132,131,123,121,121,124,117,107,93,78,112,105,93,85,79,96,117,107,125,135,154,160,155,147,143,143,142,150,151,147,141,170,173,177,178,168,149,148,152,148,184,195,253,231,223,212,194,187,197,199,186,193,226,185,118,95,92,62,84,154,145,139,114,97,79,88,86,93,95,87,79,77,68,58,53,55,57,60,58,75,158,224,207,191,221,232,245,211,79,84,51,13,6,4,2,2,2,2,3,16,52,78,90,95,99,97,88,86,83,81,78,65,44,28,15,10,3,3,0,1,35,76,92,92,92,92,92,92,92,92,94,93,94,84,64,45,29,19,9,2,10,49,78,87,90,90,96,108,115,119,118,103,90,76,67,70,72,55,30,16,9,7,6,4,7,26,67,84,93,94,97,97,98,100,103,103,103,103,103,103,103,103,100,100,100,100,100,98,91,81,77,78,79,81,80,80,84,90,91,82,68,45,27,6,14,56,88,92,66,29,5,7,7,36,67,84,94,96,97,100,101,98,92,89,87,88,94,91,87,84,78,79,81,83,87,85,88,98,103,107,107,100,98,101,105,109,111,110,109,107,110,108,113,121,140,152,133,93,69,57,45,27,13,13,47,74,71,65,62,66,69,87,79,23,8,14,55,96,104,114,121,117,109,102,49,16,23,29,32,26,22,24,27,29,35,38,38,32,21,16,11,9,14,32,22,18,15,39,115,122,121,157,164,123,59,50,83,104,100,99,101,106,110,112,115,117,121,121
135,89,96,101,98,97,95,157,222,186,121,71,58,65,68,63,60,71,76,85,92,96,101,105,104,103,99,93,87,86,75,59,51,58,65,56,72,88,94,102,106,109,107,103,99,95,101,95,100,200,178,159,98,115,94,73,92,93,93,102,99,100,85,65,58,144,174,107,67,68,51,47,46,59,75,74,59,45,37,27,135,115,107,90,56,36,36,38,39,34,30,43,35,32,100,151,143,138,131,131,127,113,111,110,113,101,91,80,78,96,92,89,91,76,93,99,103,100,129,147,162,155,143,145,132,123,136,131,139,162,184,161,156,162,149,144,132,137,155,194,194,250,225,214,205,201,182,184,193,205,202,207,190,135,81,102,76,138,161,156,138,101,90,82,79,84,90,90,80,76,73,65,55,52,54,56,58,57,73,175,223,206,199,212,232,246,204,89,92,60,22,8,5,2,2,2,2,1,12,42,64,69,71,73,72,77,79,84,88,86,76,57,39,20,11,3,3,4,5,42,79,89,89,89,89,88,88,88,88,90,89,89,77,57,38,22,12,7,0,14,54,79,85,86,87,97,110,113,112,103,87,75,66,67,86,96,67,32,18,12,9,6,4,8,29,66,81,85,82,82,79,79,84,87,87,87,87,86,86,86,86,84,84,84,84,83,81,74,64,51,53,56,58,60,60,65,72,77,73,65,43,26,8,24,59,81,85,61,29,7,7,7,35,61,77,84,84,82,85,86,83,80,76,74,75,78,76,72,69,64,66,69,71,75,73,76,85,96,102,104,100,97,101,106,111,110,109,108,107,108,107,112,119,139,138,114,86,69,57,45,27,12,11,32,69,71,65,62,66,62,86,69,18,11,12,36,69,82,94,106,106,101,92,80,28,18,28,33,26,20,23,27,31,34,37,34,25,13,13,11,8,13,31,21,16,14,44,116,120,125,159,163,119,58,47,79,103,105,102,100,101,102,105,109,113,114,115
136,89,91,94,97,93,98,184,226,184,125,70,58,63,66,64,69,70,76,86,95,104,104,106,107,108,87,81,79,74,69,54,51,58,63,62,65,73,82,95,102,103,97,91,88,86,91,90,92,205,181,164,108,121,91,77,105,108,116,119,107,97,73,54,132,152,69,96,108,64,37,40,44,53,53,54,54,41,34,22,132,121,103,94,45,44,44,42,38,36,37,38,39,42,34,68,119,107,123,128,123,110,121,115,103,75,84,69,59,69,71,72,67,63,59,69,77,74,95,124,172,150,125,124,120,116,126,130,160,170,150,139,142,143,133,155,133,164,198,214,224,243,218,202,199,210,188,176,180,184,186,195,197,169,79,105,130,166,145,166,131,91,86,80,87,84,89,87,72,72,68,62,58,49,50,51,52,55,84,186,219,198,196,194,235,248,192,84,91,74,36,10,6,2,2,2,2,0,8,40,55,58,53,52,57,65,71,77,79,79,71,55,38,18,8,4,1,4,9,51,82,89,88,87,86,83,84,86,88,85,83,82,71,51,31,15,10,3,6,24,57,79,78,80,88,103,106,107,101,87,80,65,62,75,117,118,90,54,19,15,14,8,5,10,39,65,78,79,70,69,68,67,66,74,72,68,65,66,68,71,73,73,73,72,72,77,72,61,48,38,36,35,37,42,44,48,51,57,59,59,42,21,9,30,58,80,81,58,32,14,5,9,33,59,71,74,73,71,70,68,66,63,59,58,64,63,64,63,58,55,55,55,56,60,55,59,74,87,92,97,98,96,98,101,104,104,101,98,100,101,100,107,122,134,128,90,76,71,59,45,26,18,7,18,63,76,67,65,62,59,76,47,15,8,15,27,71,104,109,102,95,94,90,90,49,15,23,36,28,22,21,23,27,31,32,29,19,14,13,10,8,14,22,20,14,6,66,125,115,133,163,161,107,55,43,71,95,106,105,101,99,100,100,103,109,112,112
137,89,90,93,95,93,95,192,220,180,122,67,55,60,63,62,67,73,78,87,94,99,100,101,102,101,80,75,73,71,66,51,48,56,62,61,65,68,75,84,89,91,86,80,78,81,85,85,101,226,191,147,119,115,97,91,112,121,127,119,89,81,69,136,145,62,65,133,94,51,29,40,52,58,58,58,58,51,44,32,112,126,104,93,51,48,45,41,37,36,37,38,39,35,41,29,56,107,119,106,118,116,113,98,92,87,82,78,68,61,61,62,59,55,58,57,77,86,98,128,136,110,81,90,102,114,164,165,157,153,125,123,134,140,145,145,160,182,198,202,217,234,211,200,206,212,181,174,176,192,184,196,200,180,92,116,164,176,157,137,133,91,81,81,87,84,88,85,71,71,68,63,58,49,50,51,52,56,91,196,222,185,209,204,237,246,185,77,90,74,38,8,3,2,2,2,2,0,9,43,61,60,55,53,58,67,71,76,76,76,68,52,35,16,7,4,2,2,14,55,83,88,87,86,85,80,80,82,83,82,80,81,70,51,30,13,7,1,8,30,60,77,77,82,89,95,102,103,89,75,68,60,73,103,136,133,101,59,20,13,12,5,3,10,40,65,77,76,70,65,64,62,61,64,62,58,55,54,56,58,60,62,62,62,62,65,63,57,47,41,39,38,40,40,40,40,41,47,51,56,43,23,13,33,56,68,72,54,32,14,5,9,33,55,65,66,63,61,59,57,54,49,45,44,51,54,57,59,57,50,50,50,49,50,46,49,62,81,86,91,92,90,91,94,96,93,90,87,89,87,90,103,120,126,117,78,67,71,59,45,26,16,8,16,62,78,68,65,62,59,73,47,16,9,12,45,117,154,153,129,101,86,83,100,55,16,24,35,28,21,20,22,27,31,33,30,21,14,13,10,8,13,22,19,14,15,81,129,122,136,162,156,104,51,40,71,99,106,105,102,100,100,99,102,108,111,111
138,88,89,90,90,89,96,201,209,173,115,63,52,56,60,58,63,75,79,85,90,91,92,93,94,92,71,68,67,66,60,45,42,53,60,61,65,71,75,79,78,74,69,65,64,65,66,67,110,221,196,168,135,124,110,102,111,135,128,105,78,72,106,146,61,54,98,120,88,42,24,42,60,68,67,66,64,65,56,49,89,135,106,90,62,55,48,39,36,36,37,38,39,39,38,46,43,46,77,100,107,96,102,96,92,89,73,79,72,57,56,54,54,56,56,62,64,72,98,101,80,84,87,101,121,154,167,153,132,133,110,112,128,135,123,143,163,196,199,196,213,227,199,186,197,211,179,168,172,190,187,195,206,186,109,130,197,192,159,134,116,90,73,85,87,85,86,81,71,69,67,63,60,49,50,51,52,59,113,208,228,187,214,198,239,240,165,77,95,79,46,9,3,2,2,2,2,0,11,50,71,68,62,58,62,69,72,74,72,70,63,47,30,13,4,3,2,0,23,62,85,90,88,88,86,81,81,81,80,80,79,81,72,55,32,12,4,1,16,43,70,81,83,88,91,87,92,88,71,61,58,63,91,122,148,149,119,67,23,9,8,3,2,12,44,69,77,76,72,67,66,65,64,60,58,54,50,51,51,52,53,56,57,58,60,61,61,59,53,49,47,46,48,50,49,48,47,46,51,55,42,17,13,36,52,61,67,53,35,14,5,9,33,51,62,62,60,60,58,54,50,46,41,41,47,54,58,61,61,53,52,50,49,45,44,47,56,73,78,83,84,83,83,84,85,80,77,75,76,74,83,101,119,124,108,66,61,71,59,45,26,13,10,14,60,81,71,66,62,58,68,48,16,10,13,75,164,172,158,126,106,88,86,110,60,18,25,35,26,20,19,21,25,32,35,33,25,14,13,10,8,12,20,18,12,18,92,122,121,137,155,144,96,47,34,64,97,106,105,104,103,100,99,100,105,110,110
139,87,87,87,87,79,104,204,198,167,110,58,49,53,56,54,60,74,76,79,82,84,85,87,88,87,67,65,65,61,56,41,38,50,58,60,65,71,72,71,67,63,59,55,56,58,56,60,125,218,203,173,142,128,112,103,114,134,127,99,62,53,113,63,46,52,107,108,81,50,30,45,60,77,75,72,70,70,61,63,81,142,107,87,71,61,50,38,35,36,37,38,39,36,44,40,48,59,49,46,84,98,101,95,97,87,75,77,77,65,60,57,60,58,59,62,62,57,64,68,112,139,99,100,101,106,111,94,83,110,110,105,115,114,116,142,145,188,199,205,217,222,193,182,202,209,188,163,170,165,187,185,204,177,116,135,196,195,140,118,97,90,66,87,87,86,84,78,71,67,66,63,61,49,50,51,52,61,140,210,234,213,200,170,239,224,128,73,89,86,56,13,5,2,2,2,2,0,13,55,80,77,71,66,68,71,73,72,68,66,59,42,25,10,2,2,2,0,30,67,86,94,93,92,91,89,88,87,85,83,82,85,76,62,38,15,5,4,26,58,81,93,95,96,91,86,81,69,59,54,63,79,106,130,147,148,117,73,25,7,5,4,5,17,52,76,81,79,78,79,78,77,76,70,68,64,61,65,65,65,64,64,66,69,71,73,73,69,63,60,57,56,59,56,58,60,62,64,63,59,39,16,20,50,65,67,73,58,39,14,5,9,33,53,66,71,72,77,74,68,64,63,59,58,64,71,73,73,69,65,64,61,58,55,56,59,64,70,75,80,81,80,80,80,80,76,73,71,72,76,87,106,120,118,96,52,53,71,59,45,26,10,11,11,58,84,73,67,62,57,64,48,17,10,22,99,169,143,106,69,81,91,89,95,46,19,26,35,25,19,18,19,24,33,36,36,29,14,13,10,8,11,19,17,11,20,102,117,120,135,146,130,86,46,28,55,87,105,105,106,106,101,99,99,102,109,109
140,76,81,85,81,70,123,203,186,149,105,60,42,45,50,51,59,76,76,75,74,78,79,81,83,82,70,59,62,60,50,38,35,43,57,58,66,78,78,72,61,56,57,58,60,56,60,67,151,217,183,148,136,116,112,106,131,143,111,78,60,53,58,46,52,64,113,103,91,66,53,51,71,78,78,76,75,81,74,72,73,143,110,88,84,68,50,40,38,38,39,42,44,43,44,49,56,68,40,41,40,57,63,74,83,83,73,67,74,71,69,65,61,65,64,62,61,54,52,67,72,57,59,76,90,101,109,96,104,119,121,109,107,108,117,108,127,167,181,211,199,226,188,203,211,208,189,170,167,194,182,201,209,166,115,121,190,169,138,108,76,81,70,90,81,82,83,79,68,67,65,63,60,58,52,55,51,66,177,201,237,221,177,166,227,181,77,90,84,97,72,27,5,3,3,3,3,3,8,45,78,80,77,75,76,76,78,76,72,67,58,38,17,5,4,2,2,3,38,71,86,90,92,94,96,96,96,95,94,89,88,90,80,69,42,17,8,9,36,65,86,98,99,99,95,81,73,63,62,63,73,95,118,139,140,128,104,61,33,11,7,6,5,37,65,85,84,83,82,79,83,87,87,79,79,79,79,82,81,79,78,78,79,82,84,89,87,82,78,70,70,70,70,74,76,79,82,79,73,61,34,9,41,64,82,89,88,69,40,19,6,11,38,61,79,89,92,93,90,84,80,78,79,80,81,86,90,90,85,77,77,77,76,68,70,72,74,78,78,78,78,81,81,81,81,81,78,76,79,87,94,112,116,106,77,40,47,79,65,48,26,14,8,15,45,84,74,64,66,58,58,44,19,18,21,111,147,88,41,74,86,95,82,60,27,25,26,34,31,22,18,19,24,35,33,36,31,20,12,6,8,13,20,16,11,39,105,114,116,130,132,108,76,45,27,36,75,99,103,106,105,96,98,100,97,99,103
141,70,75,79,75,71,115,194,172,132,92,55,39,40,47,51,62,73,72,70,69,72,74,77,79,84,67,54,62,52,43,32,30,39,56,60,67,79,77,70,60,55,55,57,58,61,66,65,186,200,161,140,131,121,116,133,148,127,99,72,59,46,51,47,58,88,110,109,105,85,70,61,70,80,81,82,82,85,79,78,77,148,113,89,86,68,50,40,38,39,40,43,45,44,45,51,59,68,39,42,41,41,45,54,61,73,72,69,67,74,72,70,69,63,63,62,61,64,61,64,64,65,62,81,106,110,101,100,110,132,116,108,95,94,100,94,114,133,149,196,198,233,198,219,221,210,200,180,168,204,186,188,194,158,123,114,161,161,122,104,83,78,67,87,78,82,83,79,68,69,68,65,63,56,50,53,52,67,189,210,233,210,193,164,202,116,75,101,97,103,80,35,8,3,3,3,3,3,6,43,77,84,82,82,85,89,91,92,89,76,62,36,15,5,4,2,2,3,40,74,88,91,92,92,93,95,95,96,97,96,95,96,86,68,41,17,9,17,45,72,91,102,102,98,91,80,73,67,69,75,90,110,120,125,121,105,81,57,33,15,8,5,9,45,70,88,87,86,85,86,90,93,93,90,90,90,90,86,86,85,84,91,92,95,97,95,93,89,86,82,82,82,82,85,86,89,91,86,77,62,35,24,58,81,98,95,94,75,45,15,4,11,42,72,91,103,107,106,103,98,93,89,90,91,92,94,96,95,92,90,90,90,90,90,90,91,92,88,88,88,88,88,88,88,88,88,86,85,88,95,99,110,109,92,66,33,44,76,62,46,25,14,8,14,43,85,75,65,66,56,56,44,19,13,28,99,106,44,27,57,75,81,78,56,18,21,28,37,26,17,16,16,41,55,34,34,35,20,12,6,8,13,19,15,13,43,104,108,111,125,124,97,68,40,25,31,71,99,102,104,102,95,98,99,96,95,99
142,59,65,68,64,67,98,180,151,105,74,48,37,37,45,50,62,67,65,62,60,62,65,69,73,81,65,51,59,43,35,25,23,33,55,63,69,80,74,66,60,55,56,57,58,66,70,66,224,192,163,157,143,126,136,147,144,125,96,69,55,43,47,51,66,101,101,112,120,110,95,77,70,77,80,85,89,90,88,88,84,158,119,92,91,68,50,40,38,40,41,44,46,46,48,55,65,68,38,44,43,36,39,43,46,57,64,68,63,69,67,65,64,60,60,61,61,62,64,64,65,71,71,79,81,79,75,88,85,106,94,77,82,82,84,84,104,137,131,165,188,226,207,228,223,224,213,187,185,207,181,192,181,177,113,110,184,140,105,97,64,76,64,84,75,82,83,79,68,70,69,66,64,53,45,50,55,84,204,212,231,222,205,164,193,150,69,90,111,112,94,50,13,3,3,3,3,3,2,38,75,81,81,83,88,98,102,105,104,93,68,33,12,5,4,2,2,5,47,84,96,97,94,93,92,93,94,98,101,98,96,96,84,66,40,18,10,23,53,79,91,97,96,90,83,74,70,70,76,92,108,120,117,110,99,78,60,51,34,21,11,5,17,58,79,93,92,91,90,93,97,101,101,96,96,96,96,94,94,95,95,99,100,103,105,105,104,101,100,94,94,94,94,100,100,101,102,95,80,59,32,32,69,94,107,104,102,81,50,13,3,12,43,80,101,116,122,120,117,112,107,102,102,104,105,104,102,101,100,97,98,100,101,106,105,103,101,98,98,98,98,97,97,97,97,98,97,97,101,105,103,103,92,70,49,25,43,73,60,45,25,15,8,12,40,88,78,66,66,53,54,43,19,18,29,64,66,45,17,9,46,95,87,91,62,21,23,32,30,17,14,24,67,75,42,31,35,20,12,6,8,13,17,13,15,54,105,101,106,117,108,77,54,31,21,23,64,98,100,101,98,94,96,97,95,91,95
143,50,56,59,55,58,80,169,138,86,63,45,39,40,46,48,58,62,59,55,52,54,57,63,67,72,65,56,54,38,31,22,21,28,54,65,71,80,72,63,60,58,59,61,62,66,68,71,231,192,191,185,157,144,144,155,146,114,88,63,52,49,49,57,72,84,89,109,122,121,109,88,71,67,72,81,88,95,95,97,90,166,123,94,95,68,50,40,38,41,43,45,47,48,51,59,70,68,36,45,44,42,43,43,44,44,51,61,68,70,67,60,55,57,58,59,61,60,67,64,67,70,66,65,60,59,59,66,68,68,73,73,71,72,70,75,95,108,114,147,211,214,222,232,224,225,228,207,203,214,180,187,179,163,118,125,155,110,103,63,68,77,66,86,77,82,83,79,68,68,66,64,61,51,42,48,57,88,221,223,226,228,192,177,195,160,67,104,115,121,107,62,18,3,3,3,3,2,0,34,74,82,83,88,95,105,110,116,117,107,73,29,9,5,4,2,2,11,56,95,105,104,101,98,94,91,93,100,105,104,101,100,87,65,39,18,12,35,67,91,99,94,94,92,87,79,78,82,93,102,110,112,105,91,76,57,46,45,35,27,13,5,24,69,87,98,97,96,94,96,100,104,104,101,101,101,101,100,101,103,104,106,108,110,113,114,113,112,111,107,107,107,107,109,109,108,108,99,80,54,26,36,76,101,112,107,104,82,50,18,5,11,40,78,99,117,125,121,118,113,109,106,106,108,109,109,105,102,104,104,106,109,111,114,111,107,103,99,99,99,99,101,101,101,101,103,102,104,109,110,103,93,75,56,39,22,46,74,62,48,29,15,8,11,38,91,80,66,65,50,52,42,20,12,27,44,53,30,15,7,33,94,104,120,123,82,47,23,26,25,15,44,87,77,55,27,27,20,12,6,8,14,15,12,17,67,110,99,105,110,95,61,42,24,18,16,58,97,99,98,95,93,95,96,94,92,96
144,53,53,61,59,56,68,156,140,87,63,63,50,39,43,51,59,53,50,56,58,55,58,61,61,70,75,62,52,42,30,24,16,27,67,71,67,80,78,69,70,69,68,67,65,69,76,98,218,181,206,196,163,159,160,162,136,97,75,59,54,52,51,65,72,69,80,101,121,120,111,92,72,54,60,72,81,88,90,91,86,178,124,97,90,71,48,42,39,45,45,47,48,48,50,59,71,55,37,50,49,47,47,47,47,44,38,39,52,85,77,68,64,51,58,61,60,57,63,58,57,63,63,61,60,59,60,61,62,60,59,57,56,59,60,67,79,125,170,130,215,190,245,234,227,241,230,220,225,231,200,180,168,161,124,121,166,82,66,68,82,79,82,80,80,76,78,76,67,64,64,61,55,39,45,43,57,113,218,231,231,213,178,188,192,95,76,130,120,124,113,73,19,3,3,3,3,5,0,20,74,97,101,99,103,114,119,125,127,110,76,22,3,3,3,3,3,6,68,100,116,114,110,105,100,94,94,96,101,108,110,109,89,66,36,16,5,51,81,101,103,103,101,98,95,95,96,98,99,103,110,107,93,76,66,56,54,58,50,33,14,8,31,76,100,107,106,105,103,106,105,104,103,101,101,102,103,101,104,106,105,111,111,111,111,113,114,115,116,117,116,115,115,110,110,114,107,97,77,49,22,44,85,108,109,113,100,83,48,13,5,7,36,78,100,115,118,114,113,109,107,107,106,104,103,101,101,101,101,105,106,107,109,116,113,107,102,99,96,92,93,100,100,102,103,103,104,107,110,107,97,79,64,45,40,33,54,78,63,55,37,18,8,13,39,82,89,70,65,54,47,44,21,9,25,38,47,29,15,9,20,81,115,128,142,142,106,33,27,31,15,69,86,69,56,23,25,21,13,7,9,13,13,14,15,80,107,100,102,107,89,51,29,16,8,16,59,89,98,95,90,87,91,93,88,90,94
145,65,65,72,71,68,70,142,148,105,83,75,55,35,45,57,64,63,61,70,73,66,66,67,68,72,75,62,48,42,30,24,19,37,73,74,69,83,85,80,84,85,84,83,81,81,82,131,198,182,217,200,169,162,164,151,131,88,70,57,52,49,57,69,69,67,78,97,112,115,108,91,74,54,51,57,71,76,78,82,78,181,126,98,91,71,48,42,39,45,46,47,49,49,51,61,74,54,40,51,49,48,48,48,48,49,44,36,29,51,90,91,82,61,58,55,53,52,61,63,63,59,59,60,60,61,62,64,64,63,60,56,52,56,54,53,56,69,115,183,203,160,242,230,225,238,229,206,222,226,204,187,166,148,123,98,162,67,57,62,84,104,114,79,83,77,79,76,66,61,62,59,53,43,46,45,61,148,220,240,234,214,177,141,88,77,125,129,132,127,116,76,21,3,3,3,3,3,1,20,74,106,112,112,115,120,125,129,130,114,75,23,5,3,3,3,3,9,73,106,121,121,118,114,109,106,105,106,111,113,113,110,88,62,32,15,8,57,88,110,114,110,109,107,105,100,100,101,102,105,108,103,88,75,67,61,63,65,56,36,16,8,31,75,99,106,106,105,104,104,103,102,100,97,98,100,101,104,107,109,108,112,112,112,112,112,113,114,115,114,113,112,110,109,109,113,106,94,74,45,24,50,87,108,110,112,98,81,45,14,6,8,37,74,95,109,110,108,106,104,102,104,103,102,101,97,97,97,97,101,101,102,103,107,104,99,95,85,83,83,86,91,91,93,94,95,96,99,101,98,89,74,62,50,46,38,55,80,65,57,40,19,8,13,38,79,91,71,66,52,44,41,21,12,23,33,33,24,12,7,16,67,125,126,148,147,100,39,34,33,27,77,89,66,54,23,25,21,13,7,9,13,12,14,18,81,103,98,102,109,91,51,28,18,12,17,52,80,89,89,85,84,87,88,85,87,91
146,79,79,86,85,82,75,124,161,112,88,67,45,37,54,71,72,65,66,79,86,82,78,74,76,76,77,71,52,44,30,26,25,55,85,78,72,83,90,89,91,95,94,93,92,93,91,180,169,167,223,201,178,174,153,145,119,77,64,56,52,50,64,70,65,70,81,95,103,107,102,90,76,53,45,43,55,64,65,67,62,185,129,100,92,71,48,42,39,47,47,49,50,49,54,65,78,50,45,53,49,51,51,51,51,43,44,37,22,16,57,84,96,70,58,52,44,28,37,49,50,55,55,53,53,52,53,54,55,60,61,63,65,60,62,63,64,57,67,108,184,124,220,224,228,246,219,212,233,215,202,194,172,142,115,121,145,64,56,57,94,131,102,88,77,76,77,73,62,57,58,55,49,43,45,48,74,176,221,248,193,142,72,74,104,125,123,122,129,122,112,75,23,3,3,3,3,2,3,15,68,106,116,119,120,125,128,129,127,108,64,18,7,3,3,3,3,13,81,117,130,131,128,126,123,114,113,113,116,121,119,111,86,56,26,13,14,62,92,113,115,114,114,115,116,108,108,108,107,109,109,102,91,85,79,76,80,79,67,43,20,9,31,74,96,105,105,105,105,100,99,98,96,94,96,99,102,109,112,115,113,113,113,113,113,111,112,113,114,114,112,109,106,108,108,112,105,88,69,37,27,60,93,109,112,112,98,79,42,16,7,9,38,74,94,105,104,102,102,101,100,103,102,101,100,95,95,95,95,98,97,97,97,98,96,92,89,76,75,76,81,82,83,84,85,85,86,87,88,84,79,69,62,58,56,46,58,84,69,61,44,21,9,13,36,72,93,72,66,50,40,37,21,11,22,41,41,20,10,7,13,49,127,127,152,135,71,36,35,25,38,80,82,70,57,24,25,21,13,7,9,13,10,14,24,80,94,92,98,109,91,53,31,21,17,18,41,67,78,80,79,80,79,79,80,82,85
147,84,84,92,90,88,83,116,169,109,77,45,35,48,68,84,77,68,71,87,97,93,84,77,79,81,83,86,68,45,29,26,31,70,94,82,74,93,101,99,97,101,100,99,98,96,97,211,149,171,240,206,183,168,149,140,101,71,62,59,55,57,67,65,65,79,90,101,102,100,97,88,77,67,63,59,60,62,61,57,47,189,133,102,93,71,48,42,39,48,48,50,51,50,57,69,82,48,49,55,49,53,53,53,53,46,44,39,31,24,25,67,92,96,88,88,68,37,44,60,56,56,52,44,40,30,30,32,32,31,33,36,39,50,55,58,57,58,68,63,134,113,185,220,236,231,212,217,239,222,204,192,172,142,104,153,111,69,56,45,97,131,94,81,74,72,72,66,54,54,54,51,45,37,41,52,89,203,223,169,90,64,98,105,109,108,113,112,114,104,99,68,22,3,3,3,3,3,5,6,54,106,119,123,123,122,123,122,118,91,44,9,7,3,3,3,3,16,87,126,137,136,134,132,130,125,124,122,125,128,124,112,84,50,20,11,19,75,102,117,114,109,110,114,117,115,114,113,111,113,113,110,105,106,99,94,96,90,77,49,22,9,31,72,93,103,104,105,107,96,96,94,93,95,98,102,105,113,117,119,118,114,114,114,114,110,111,112,113,117,114,110,107,107,107,111,104,83,65,31,30,68,97,110,113,117,101,81,44,17,8,10,39,81,100,108,105,105,105,105,105,105,105,103,102,96,96,96,96,98,97,96,95,97,95,93,91,85,82,80,82,81,82,83,85,80,80,80,80,76,73,69,65,65,64,53,60,87,72,65,47,23,10,13,35,67,96,73,66,48,36,33,21,10,21,48,47,19,13,10,14,42,113,134,147,118,42,33,40,23,51,87,81,82,65,27,24,21,13,7,9,13,9,13,28,76,83,83,91,103,88,55,38,24,22,20,32,60,72,77,77,76,73,71,75,78,81
148,77,84,86,92,83,89,106,183,120,78,45,38,57,85,83,72,64,72,91,97,90,81,87,89,86,90,95,87,57,31,30,37,82,99,83,75,97,101,102,95,97,94,99,99,97,107,199,123,141,239,205,166,163,149,122,92,66,60,55,57,65,72,60,67,84,89,95,97,88,88,85,83,83,82,82,82,78,72,55,48,191,144,104,90,62,46,42,47,48,45,43,45,54,63,72,87,55,57,56,53,53,54,54,55,51,51,44,32,21,31,27,63,99,110,98,71,48,62,71,60,57,54,46,39,37,56,65,60,52,50,59,65,59,54,57,56,50,79,94,91,108,132,215,247,210,213,224,234,219,201,181,172,132,100,149,101,75,53,51,80,120,100,70,69,73,68,60,55,55,48,48,44,38,41,54,102,203,221,127,61,81,106,84,97,93,93,93,93,88,77,50,21,2,2,2,2,5,3,0,29,85,112,113,114,111,114,118,106,70,20,5,3,3,3,3,3,15,86,128,136,137,139,139,136,134,132,130,132,133,131,110,78,43,18,2,29,72,106,112,100,88,87,91,98,102,111,114,116,119,121,120,115,110,109,109,108,106,85,57,25,10,29,70,94,105,105,104,104,98,94,91,92,94,98,106,113,120,121,122,123,120,119,118,117,114,113,114,118,116,114,111,109,109,109,110,97,78,58,26,28,68,95,108,113,120,107,82,45,23,10,9,41,78,101,113,110,114,114,114,114,112,111,108,106,103,102,101,100,99,98,98,98,94,95,96,97,88,88,86,85,88,88,87,87,85,83,82,80,79,77,74,71,61,69,60,68,85,82,75,53,25,12,16,26,64,90,80,60,49,35,27,19,11,14,42,40,15,11,13,11,36,90,137,146,112,25,28,41,31,74,94,88,103,86,31,22,21,10,9,10,16,6,11,37,79,79,73,86,88,74,52,37,30,19,16,26,51,77,83,82,74,74,73,73,74,79
149,67,75,79,86,88,85,94,183,141,95,54,43,65,84,79,66,56,61,79,86,79,74,78,81,87,92,101,98,65,39,37,43,86,104,86,74,90,96,99,94,89,88,97,100,99,146,175,102,127,235,205,173,170,144,113,85,65,59,55,58,65,68,57,61,71,74,77,75,72,72,78,88,90,92,94,95,95,86,81,67,189,145,102,88,60,47,43,46,46,44,43,46,55,63,75,81,55,57,56,53,55,56,57,59,52,50,44,34,34,38,17,28,73,94,92,68,53,70,79,65,56,49,54,78,94,101,86,65,49,56,69,67,58,54,57,57,51,68,77,71,111,59,203,246,202,215,226,230,209,188,169,169,127,108,133,97,74,50,46,66,100,88,67,68,63,57,52,50,53,47,46,42,38,41,56,118,203,211,209,73,68,94,79,81,68,68,68,68,66,57,36,11,2,2,2,2,2,4,1,16,60,92,99,102,103,107,110,99,59,13,4,4,3,3,3,3,16,84,121,129,130,132,131,127,124,121,119,120,122,122,104,74,37,16,6,34,75,103,103,87,67,61,64,80,87,99,106,113,118,122,124,122,120,120,120,121,118,95,63,28,12,32,74,100,112,113,113,113,104,100,96,96,93,97,103,108,118,118,120,121,119,118,117,116,114,112,112,115,115,114,111,109,112,111,111,96,74,54,24,30,67,95,108,113,120,105,80,45,24,12,9,38,81,105,120,119,121,121,121,121,117,116,113,111,108,107,105,104,110,108,104,101,98,99,100,101,95,94,92,91,91,91,91,91,89,89,88,87,85,84,82,80,78,77,66,74,84,83,78,56,30,14,15,22,60,91,84,65,50,36,26,18,10,13,38,37,15,10,8,11,45,84,133,152,116,22,26,39,36,83,100,95,106,97,31,22,20,9,8,10,14,7,12,47,83,82,77,83,82,67,45,29,23,15,15,24,50,76,81,80,74,74,74,74,75,77
150,63,70,72,78,83,74,76,182,158,107,62,52,75,80,72,62,54,53,63,69,65,65,66,72,77,84,100,108,76,49,45,50,91,109,88,70,78,86,93,92,80,81,92,98,89,192,149,92,109,232,205,180,166,134,110,87,63,58,55,59,66,60,52,51,59,59,56,50,44,51,69,90,96,97,99,101,93,85,90,78,188,148,99,84,58,47,45,45,42,42,44,49,55,62,81,70,55,57,56,53,54,56,59,61,54,50,43,38,36,38,22,29,42,50,51,52,49,56,60,58,72,81,91,92,92,98,87,73,55,67,79,69,56,52,58,58,54,54,55,48,82,69,164,235,208,226,230,228,202,188,168,152,122,93,110,90,73,50,45,53,75,73,63,65,65,55,46,46,50,44,44,39,38,41,59,147,206,211,209,208,58,77,70,63,57,57,57,57,54,48,31,9,2,2,2,2,2,4,4,4,41,78,90,94,93,96,99,88,47,7,3,4,3,3,3,3,18,79,109,115,123,124,122,117,110,107,103,103,101,103,89,62,30,14,7,35,72,92,84,66,39,31,33,51,69,86,101,115,119,123,127,126,128,129,130,132,128,104,68,31,12,33,79,107,122,123,125,126,118,113,108,107,106,108,111,114,116,117,119,120,121,120,119,117,116,113,112,114,113,113,112,111,114,111,108,91,68,47,20,33,70,98,111,116,121,103,77,45,26,14,9,31,79,105,124,127,125,125,125,125,122,121,118,116,113,112,110,109,112,110,105,100,102,103,104,105,102,102,100,99,96,96,98,100,98,98,99,99,97,96,95,94,96,81,66,75,78,81,81,58,34,16,14,19,60,95,90,70,52,37,26,16,8,12,30,32,13,9,5,18,64,85,125,160,130,32,24,36,48,89,94,95,103,98,29,21,16,7,7,11,10,8,15,63,93,91,87,81,75,59,35,18,15,12,15,24,52,77,81,78,73,74,76,77,75,73
151,58,62,59,59,62,60,65,179,151,100,61,59,77,73,67,62,51,42,42,43,42,48,46,53,59,66,89,105,82,54,49,53,91,110,86,62,68,78,88,91,78,77,87,91,86,219,137,93,99,232,204,182,165,135,116,85,61,57,55,61,67,53,49,42,46,44,36,26,19,39,67,84,93,91,89,87,90,89,92,97,186,150,96,81,56,48,47,44,39,40,45,52,55,61,85,61,55,57,56,53,50,52,56,60,56,49,43,42,47,38,24,38,59,52,33,26,29,56,86,91,83,85,92,100,102,103,88,73,73,76,80,68,54,52,58,60,58,46,44,39,30,53,105,244,218,229,218,218,196,180,160,152,100,77,81,82,73,54,52,53,62,67,62,61,52,43,39,47,48,42,41,37,37,41,62,171,203,199,195,148,63,66,63,58,52,52,52,52,56,50,32,9,2,2,2,2,5,2,5,5,33,73,85,85,87,91,94,83,47,9,5,3,3,3,3,3,19,75,100,104,106,106,103,97,88,84,79,78,78,83,72,49,26,11,3,27,60,76,66,49,25,21,22,30,46,67,90,109,121,124,124,121,124,126,128,131,123,100,67,32,8,31,79,109,127,129,132,134,133,128,121,119,116,117,118,118,119,120,121,122,125,125,123,122,121,118,115,116,112,112,112,112,112,108,103,84,63,41,17,35,76,104,117,122,122,101,74,44,28,17,9,25,70,99,121,127,122,122,122,122,123,122,119,117,113,113,111,110,111,110,108,107,101,102,104,105,105,105,103,102,100,101,104,107,106,107,108,109,106,107,107,107,102,74,56,65,69,77,80,56,31,15,15,21,66,101,95,69,53,38,26,15,6,11,23,28,9,9,6,33,84,100,116,164,148,57,25,35,60,84,70,82,95,82,26,20,14,5,6,11,7,9,17,76,106,102,99,82,72,56,31,13,11,12,19,27,58,81,84,81,73,74,77,80,73,68
152,51,47,45,38,40,44,57,173,147,88,53,68,75,73,68,64,52,38,26,30,31,28,28,36,37,55,72,94,82,58,50,55,94,102,88,59,57,72,88,91,83,81,86,76,114,210,135,95,100,226,215,186,172,138,99,72,56,57,62,65,74,45,42,45,50,51,44,27,23,43,69,80,87,83,77,73,76,77,87,118,186,146,98,78,61,48,42,40,41,43,47,51,57,65,83,63,47,59,54,48,50,51,52,54,52,46,42,45,55,43,39,53,61,59,47,34,30,49,82,85,78,79,83,91,97,110,89,84,88,85,81,66,48,45,54,61,54,51,50,46,40,36,60,239,215,226,203,195,205,179,158,145,117,87,85,82,81,53,68,50,53,59,61,39,28,32,41,50,48,40,36,41,32,51,76,181,199,185,136,80,61,60,60,60,56,58,61,64,59,56,32,9,4,4,4,4,2,3,4,5,29,62,80,82,82,86,89,78,36,7,5,1,3,3,3,3,29,60,83,87,93,89,86,83,70,69,66,64,66,64,61,42,20,7,9,17,40,54,51,35,27,24,21,22,27,49,80,98,108,115,113,111,115,117,120,124,116,96,62,32,16,25,71,104,131,135,140,144,143,138,131,128,125,122,120,123,123,124,126,127,133,135,134,130,125,124,122,121,122,124,123,120,121,108,94,77,53,34,16,43,88,119,130,130,119,99,68,47,37,23,13,14,56,97,115,125,123,123,123,123,123,123,123,123,117,117,115,109,103,102,99,97,95,95,97,102,106,108,109,107,103,101,103,107,106,106,106,106,110,112,117,109,88,59,36,54,62,76,69,50,23,11,11,26,71,108,98,70,53,40,25,19,11,9,17,20,10,10,5,49,99,111,121,148,158,92,28,37,83,78,57,66,82,73,31,18,7,7,7,7,8,9,25,95,112,109,105,88,67,55,32,11,3,19,21,32,64,86,94,87,81,82,85,87,78,78
153,43,34,48,46,50,52,69,176,137,86,56,65,65,62,57,54,43,38,33,32,26,27,27,24,25,39,57,89,82,58,50,55,93,100,84,58,54,69,86,90,83,78,72,86,194,185,116,99,121,232,213,184,168,133,94,67,55,57,62,66,74,45,40,47,56,57,50,33,27,46,67,75,78,75,70,66,64,67,63,168,180,146,98,80,58,45,40,39,42,44,48,51,57,67,85,73,54,53,54,50,51,51,52,53,49,44,43,48,51,50,52,57,64,65,60,52,35,44,73,76,77,77,81,88,97,110,95,93,90,84,76,60,44,41,50,58,62,64,62,58,55,55,42,179,209,220,195,190,195,175,151,134,108,84,85,84,81,59,69,50,33,59,31,26,27,29,50,48,41,36,32,36,41,50,97,178,188,144,64,54,58,58,58,59,58,60,62,64,61,58,33,10,4,4,4,4,2,3,4,5,26,59,75,75,73,77,80,69,34,6,4,1,3,3,3,3,20,50,71,74,70,70,69,69,70,69,66,64,67,66,62,43,22,7,6,11,25,36,37,34,32,27,21,19,16,27,50,72,91,98,96,94,96,99,104,111,107,89,57,29,15,22,66,102,128,134,141,142,141,135,129,128,126,123,123,125,128,129,130,131,136,138,138,135,132,131,130,129,128,130,130,126,120,103,84,64,51,32,16,44,92,122,132,132,120,99,70,52,42,26,12,10,47,90,113,128,123,123,123,123,124,124,124,124,123,122,117,110,101,100,97,95,96,95,96,101,107,110,111,108,106,103,101,103,109,109,109,109,108,103,99,85,61,32,30,51,62,76,69,50,25,11,12,29,79,109,97,68,53,40,25,19,11,9,16,18,10,9,9,54,104,113,117,138,149,112,38,42,98,77,51,66,83,74,31,17,7,7,7,7,6,8,30,101,115,111,106,87,63,51,29,10,7,16,20,34,74,91,99,95,93,92,91,90,85,85
154,35,28,55,60,67,65,89,180,125,81,59,71,75,66,50,38,31,32,33,34,39,28,21,26,30,39,54,89,82,58,50,55,91,95,78,55,48,64,82,87,85,75,78,72,238,150,113,106,148,237,206,181,162,128,89,62,54,56,62,67,69,42,33,48,66,68,60,44,35,49,64,66,66,63,60,57,60,55,43,210,171,145,97,83,57,44,41,41,43,45,49,53,59,70,85,84,69,55,53,51,52,52,52,52,52,46,42,46,51,58,63,58,62,69,74,77,53,45,73,82,82,81,84,90,100,109,101,100,89,78,68,54,42,39,48,55,72,83,80,75,73,75,69,126,216,215,196,186,183,175,151,130,97,83,83,83,81,68,70,50,38,42,16,25,21,42,48,40,32,30,30,32,39,54,113,179,173,90,55,59,56,57,59,60,66,66,67,68,66,61,36,11,4,4,4,4,2,3,4,5,24,56,69,67,65,68,71,60,31,4,3,1,3,3,3,3,14,42,61,61,61,63,66,68,68,68,67,66,66,64,60,42,22,7,4,9,19,29,32,36,35,29,22,19,17,18,30,51,67,75,72,70,75,81,91,101,96,80,52,28,17,15,52,91,118,127,134,133,129,124,120,119,121,119,120,124,131,131,130,130,134,136,138,136,133,133,133,134,133,135,135,131,125,102,77,57,48,30,15,44,95,124,133,131,115,93,65,53,46,28,11,7,36,82,109,127,123,123,123,123,127,127,127,127,128,127,123,115,110,109,106,104,101,99,99,102,110,112,113,111,106,103,99,100,104,104,104,104,104,90,73,53,36,16,30,54,62,76,69,50,28,12,12,34,86,108,98,69,53,40,25,19,12,9,15,16,11,7,15,63,97,107,112,134,150,112,34,67,113,77,48,69,85,75,31,15,7,7,7,7,6,6,35,103,119,116,112,94,64,50,29,16,18,16,21,41,80,91,96,99,103,101,97,93,98,98
155,35,40,62,73,82,76,106,182,119,74,59,87,91,80,59,43,38,34,38,50,51,40,34,42,59,70,78,97,82,58,50,55,90,91,73,52,43,60,79,85,70,64,78,115,220,131,114,102,163,234,199,180,162,127,88,61,52,55,63,69,61,36,23,46,75,77,69,53,42,53,61,58,59,57,55,53,52,40,53,218,163,145,97,85,59,47,45,46,44,47,51,54,62,72,81,85,85,70,50,48,54,53,52,50,43,41,44,53,60,62,61,53,54,66,81,92,62,43,73,91,93,92,93,98,104,108,101,98,82,71,63,54,43,40,49,57,78,97,92,86,73,75,81,89,224,200,198,173,164,168,149,128,93,86,81,77,80,76,71,50,50,24,13,23,33,48,43,32,28,29,31,32,37,58,136,163,107,56,72,65,58,60,63,65,75,75,75,75,70,65,38,12,4,4,4,4,2,3,4,5,27,57,68,64,64,68,71,60,28,2,2,1,3,3,3,3,19,46,62,61,57,58,58,59,67,67,67,67,62,59,55,37,21,7,8,15,36,50,51,44,32,28,24,24,23,24,30,41,54,62,59,57,58,66,79,92,89,75,51,30,21,9,35,73,102,113,122,118,112,108,105,105,110,109,111,116,126,125,124,122,125,128,131,130,124,125,126,128,130,132,132,128,119,94,69,52,45,28,14,44,94,122,130,127,104,81,54,46,43,27,12,9,33,78,105,122,123,123,123,123,129,129,129,129,127,129,128,124,115,113,111,109,108,106,104,107,112,115,116,113,101,99,99,102,104,104,104,104,99,79,57,35,23,18,28,49,62,76,69,50,31,12,13,39,87,103,99,75,53,40,25,19,12,8,13,13,12,5,21,71,97,105,106,126,145,84,34,93,114,76,53,74,87,76,31,14,7,7,7,7,8,4,35,97,105,106,107,94,71,56,36,28,31,19,26,50,75,81,83,92,98,97,95,94,96,96
156,53,58,69,79,76,80,121,176,117,68,58,96,101,85,65,59,51,45,44,54,67,64,59,69,79,85,95,107,90,57,43,52,83,85,68,50,35,44,79,84,86,73,79,217,193,123,102,99,188,224,200,171,153,120,91,60,59,56,66,71,47,30,25,36,88,84,73,68,71,67,62,58,60,58,54,50,41,49,128,209,156,133,103,87,58,55,50,45,45,47,51,55,57,79,87,92,94,87,73,59,55,49,45,47,52,54,64,79,82,67,55,46,48,69,81,89,62,34,62,100,107,106,104,104,115,116,101,93,75,68,66,61,53,44,55,57,76,103,106,92,91,90,95,82,213,178,192,172,159,154,144,123,93,77,76,78,78,71,69,54,70,13,6,40,38,38,34,28,25,29,34,35,42,54,161,125,64,82,86,74,63,61,62,69,74,79,84,82,82,71,49,14,6,6,6,6,7,0,4,11,38,56,65,63,64,67,74,68,39,10,0,5,2,3,6,2,29,60,69,66,62,63,63,63,68,69,71,68,62,56,50,33,16,5,6,23,53,62,64,52,41,30,24,31,36,42,47,47,54,55,54,54,49,56,66,77,83,64,46,29,19,13,18,55,79,98,100,102,94,90,88,93,96,98,101,104,112,107,102,101,106,117,117,114,108,111,114,118,127,127,124,119,107,79,55,45,39,30,16,40,84,118,117,113,90,63,44,43,37,22,18,36,63,90,106,121,122,122,123,124,126,128,130,129,127,131,132,126,118,112,108,111,119,115,110,110,114,116,117,112,105,103,102,106,108,109,109,110,103,97,79,54,37,26,14,48,70,80,69,51,29,14,12,40,89,97,95,79,52,36,25,19,10,11,12,13,7,1,36,86,103,107,113,115,120,58,46,103,105,74,61,76,85,61,30,14,9,8,7,6,5,7,33,77,92,93,92,87,67,60,50,46,42,33,33,52,70,66,69,80,83,84,87,89,90,88
157,65,65,69,76,80,74,136,175,112,65,58,88,91,80,67,65,58,53,54,66,66,72,73,77,92,104,101,113,89,58,43,50,81,84,68,51,27,34,71,82,78,82,80,241,175,119,105,107,211,228,206,178,156,119,85,56,55,54,66,69,35,31,18,39,84,88,86,93,93,83,69,61,73,69,64,59,59,48,178,198,154,129,103,87,59,56,51,46,46,48,52,55,61,80,87,94,104,100,93,87,77,73,69,70,80,87,98,104,90,67,49,43,50,70,78,81,56,34,57,96,108,107,105,105,116,116,101,92,68,63,65,62,52,44,57,59,75,104,109,97,93,91,96,86,214,177,182,171,149,134,147,133,107,87,80,77,78,74,69,60,95,15,32,39,34,35,32,26,26,31,36,37,48,66,171,79,74,88,90,82,74,73,74,79,82,86,90,90,93,85,65,26,5,5,5,5,4,5,1,15,51,66,72,70,69,69,74,68,44,14,2,4,4,3,2,4,43,70,75,71,68,68,68,67,67,70,74,73,65,59,53,35,18,7,7,25,56,66,69,59,42,32,26,31,42,49,55,52,51,52,52,52,56,60,66,72,75,58,41,27,23,14,14,45,73,90,89,89,76,73,75,83,85,84,82,81,86,81,76,75,79,91,95,95,92,97,104,111,114,115,114,109,96,71,50,42,40,30,17,37,76,103,115,113,86,66,53,52,43,24,24,57,82,105,114,123,121,121,120,120,121,120,119,119,121,123,120,111,105,99,96,100,106,105,105,109,113,117,118,112,105,103,104,108,108,109,110,112,118,115,104,88,69,47,24,48,73,79,65,47,24,10,10,41,89,97,93,77,50,34,24,18,10,11,12,13,11,7,46,98,112,112,112,113,103,59,74,110,106,81,72,83,88,64,31,13,9,8,7,6,4,4,32,73,86,88,88,85,79,73,66,64,65,56,53,63,68,64,63,69,74,76,78,81,81,79
158,64,61,65,76,77,66,155,169,103,59,57,75,66,63,59,59,62,60,66,81,87,76,61,67,80,93,88,105,87,58,44,46,80,85,71,57,28,26,58,73,73,75,181,215,153,118,113,118,230,229,205,182,150,106,69,47,52,54,65,61,18,27,10,39,70,85,90,110,105,93,81,78,81,76,67,60,58,60,220,177,150,121,103,88,60,57,52,47,47,49,53,57,67,83,87,96,100,96,93,96,94,93,91,88,88,96,103,102,98,69,44,37,45,66,71,67,46,34,49,89,109,108,106,106,115,115,98,88,62,58,61,60,46,41,56,61,71,102,111,103,96,93,98,93,213,181,175,171,149,119,145,142,105,86,79,78,78,76,69,78,94,41,37,40,31,33,31,27,29,33,39,39,52,73,173,49,80,88,88,86,82,83,85,85,86,87,89,92,92,91,73,28,4,4,4,4,3,5,5,33,75,84,84,82,80,76,77,71,54,21,4,4,5,3,1,17,60,81,79,73,71,69,68,66,69,71,75,74,66,60,54,37,18,6,7,25,55,66,71,64,55,45,32,27,42,52,57,50,46,47,48,49,55,60,68,76,67,52,40,29,20,11,11,43,70,87,84,83,71,69,72,81,85,82,76,72,65,60,55,54,58,71,76,77,76,82,92,101,108,106,99,90,77,54,39,36,36,21,12,25,58,83,102,103,86,74,68,64,50,28,31,75,101,120,121,122,124,122,118,115,112,107,102,102,109,110,104,92,82,77,75,80,86,87,91,99,112,120,122,112,99,98,100,105,107,109,112,115,117,116,114,109,106,80,54,63,78,79,59,41,17,6,10,44,92,100,95,77,47,31,21,15,10,11,12,13,9,6,46,100,106,105,108,115,108,100,100,106,108,94,91,95,95,69,33,13,9,8,7,6,4,3,38,76,81,85,88,87,85,82,79,80,85,79,73,73,79,76,74,75,80,81,84,86,87,87
159,62,55,54,65,66,64,164,159,96,54,57,63,55,56,54,52,59,59,68,87,99,82,57,57,65,71,82,109,85,59,44,43,83,89,78,66,44,30,49,59,66,71,236,183,143,124,123,127,224,224,190,179,145,99,65,51,56,58,63,50,10,18,9,32,66,85,87,112,108,95,83,85,88,81,70,61,60,111,218,155,147,115,102,89,61,58,53,49,48,51,55,58,73,85,87,97,106,97,89,91,102,104,103,97,97,96,97,101,98,73,47,28,32,55,63,57,38,34,42,84,110,109,107,107,110,110,92,81,63,57,57,53,39,34,52,59,63,97,110,104,99,95,100,99,208,190,179,172,148,116,142,159,112,91,82,77,79,77,67,101,84,83,36,35,32,34,34,31,31,36,41,42,49,99,139,56,89,92,89,93,93,96,97,93,93,91,93,98,101,106,90,40,3,3,3,3,5,0,16,58,95,100,95,92,93,85,82,77,62,27,7,3,4,3,3,36,82,97,90,82,80,77,75,73,72,72,71,67,63,57,51,34,14,3,3,21,47,59,67,61,59,53,43,36,46,57,63,52,41,42,45,47,58,62,68,75,68,55,46,38,26,15,12,41,76,95,95,97,93,89,88,95,91,89,84,80,73,68,63,62,66,77,79,77,74,79,88,95,99,99,97,91,75,55,44,46,39,21,14,22,52,87,97,99,91,84,80,70,54,34,34,71,104,121,119,119,115,112,106,101,91,81,73,74,83,84,80,70,62,58,57,64,71,71,75,82,97,108,111,99,86,86,89,96,107,109,114,117,118,117,117,118,117,105,94,90,83,78,54,36,15,6,13,51,99,105,99,80,45,29,19,13,10,11,12,13,14,9,46,97,100,96,96,105,113,108,108,111,109,105,108,106,100,73,34,12,9,8,7,6,5,6,51,90,84,89,95,96,91,90,91,95,97,96,92,86,86,88,89,88,91,93,95,98,100,100
160,62,50,52,59,58,67,163,140,88,52,57,51,55,56,59,61,62,66,66,82,95,89,69,58,60,54,84,109,82,59,46,43,86,108,88,74,65,50,45,55,62,90,211,173,155,137,125,115,213,218,181,182,146,90,57,59,62,63,71,19,11,16,13,23,61,89,96,108,101,92,87,91,97,89,72,67,61,189,197,134,138,108,104,82,70,63,54,50,46,47,49,64,81,93,89,100,114,105,90,94,108,110,107,98,99,99,99,99,92,76,47,23,24,39,50,46,32,35,40,85,115,114,110,109,111,106,92,79,67,56,47,48,43,39,43,56,58,89,109,105,100,105,108,102,182,205,184,165,155,125,127,179,124,105,82,74,77,77,86,104,92,96,64,37,37,39,35,30,35,36,39,41,52,130,91,81,95,96,97,98,102,102,103,104,99,101,104,107,107,110,99,46,6,4,5,2,2,4,45,83,104,99,98,104,103,100,95,91,73,50,15,4,1,4,11,56,94,99,102,101,92,91,89,84,74,71,63,53,44,47,41,27,11,5,3,25,50,64,74,72,66,63,57,53,57,64,66,55,43,44,47,48,57,65,73,77,67,57,53,49,40,16,11,39,79,99,110,109,113,112,110,109,104,104,103,102,97,96,95,94,89,92,94,93,90,91,94,96,101,99,104,102,85,66,62,60,58,34,22,39,77,92,99,101,87,86,78,65,50,33,32,62,91,102,103,98,98,96,90,81,64,62,58,55,60,64,64,57,56,57,57,58,57,57,60,67,81,89,93,87,72,72,76,82,96,105,113,114,110,109,106,103,110,102,106,104,87,70,55,37,13,7,13,73,109,114,106,87,54,22,19,17,10,8,9,12,16,18,51,96,101,96,95,103,107,109,111,114,115,113,114,117,110,70,32,18,14,9,4,3,2,4,74,103,99,99,100,100,98,100,100,97,100,105,106,99,102,102,103,103,104,97,98,111,124,123
161,58,45,43,48,36,80,160,139,88,52,57,51,52,56,63,68,67,69,64,64,85,85,76,71,68,65,96,116,82,59,46,43,85,110,94,81,76,63,54,60,72,96,208,172,149,125,107,121,188,216,171,170,132,79,56,57,56,59,66,14,8,14,11,23,76,101,103,110,103,96,92,94,93,96,89,84,79,206,171,116,137,105,102,83,70,63,54,50,47,49,52,69,91,100,97,105,114,106,91,92,106,109,107,99,100,100,100,100,97,81,53,30,22,33,41,40,35,37,42,86,117,116,112,111,114,108,95,84,74,57,43,48,41,37,41,54,58,89,109,106,102,107,109,104,166,197,187,165,156,124,118,187,132,109,82,73,77,77,96,109,103,97,82,55,39,38,35,30,36,37,40,42,51,111,66,93,101,102,103,104,107,108,110,111,107,109,111,113,114,116,108,60,12,3,5,2,0,21,64,90,99,95,94,101,108,106,103,100,90,65,23,4,2,3,13,60,97,101,104,105,109,102,99,102,96,84,62,44,42,41,31,15,8,20,36,56,74,83,88,83,82,79,74,69,69,73,74,67,60,60,59,58,58,67,76,78,66,57,54,52,45,19,9,31,76,100,117,122,122,122,121,120,118,118,119,119,117,116,115,114,117,118,117,113,102,102,103,103,105,109,118,114,94,79,80,79,69,46,36,56,92,109,113,103,87,81,68,53,43,28,25,46,74,86,89,90,86,85,80,72,72,70,68,66,67,73,76,71,67,67,67,66,64,60,57,58,65,72,80,79,71,69,70,73,88,95,99,97,94,91,84,79,85,83,88,90,80,70,56,37,12,4,34,89,115,119,113,98,60,25,20,18,10,8,9,12,17,21,57,104,103,99,98,104,108,110,112,115,113,111,111,115,103,66,33,21,14,9,4,3,1,7,82,109,106,104,100,96,96,97,97,93,95,103,109,108,109,109,108,108,107,102,102,113,127,126
162,57,43,40,43,24,104,153,136,88,52,57,51,54,59,69,77,79,76,71,63,70,78,78,77,76,78,110,123,82,59,46,43,77,106,93,78,79,74,60,63,74,89,180,143,116,104,94,150,183,214,163,156,106,61,55,53,56,64,66,15,4,10,9,22,88,110,106,109,103,100,96,96,97,104,100,94,118,196,147,97,134,99,100,85,70,63,54,50,48,52,58,77,102,104,102,107,109,104,89,86,98,102,104,98,98,98,98,98,98,83,57,35,20,24,28,33,38,39,43,86,117,115,112,110,112,104,93,88,81,62,44,44,34,31,34,47,55,86,106,103,102,107,109,104,133,192,193,176,157,129,107,193,145,116,82,72,76,77,112,119,100,101,84,66,47,39,40,32,37,38,41,43,59,69,66,105,104,105,106,107,110,112,115,118,115,116,117,118,119,121,118,77,21,3,5,1,8,53,88,101,98,94,95,103,115,115,114,114,110,83,34,6,3,0,18,66,100,102,105,110,115,107,106,114,113,99,79,66,61,52,34,15,10,42,75,93,104,107,107,102,97,94,89,84,82,81,81,83,82,80,78,76,79,84,83,70,54,46,46,46,44,21,11,29,69,94,114,121,125,125,125,126,119,121,124,127,128,128,126,125,127,127,125,119,115,114,112,110,112,122,133,124,95,84,89,88,74,54,48,71,99,115,113,94,86,77,62,51,54,46,42,50,57,68,73,78,85,86,84,78,77,77,78,78,81,87,92,89,79,78,76,75,72,67,61,60,65,71,80,85,83,78,73,72,82,85,82,73,69,64,57,50,48,53,57,62,66,71,59,38,11,9,63,104,115,118,115,107,70,30,21,20,10,8,9,12,17,22,59,108,111,109,108,110,107,108,111,113,109,107,108,111,99,67,38,25,14,9,4,3,2,13,90,112,115,110,102,95,95,96,94,89,89,100,112,115,114,113,111,110,109,106,107,113,123,123
163,46,34,34,40,40,125,146,131,88,52,57,51,47,51,59,65,79,70,74,78,76,86,85,80,75,83,115,122,82,59,46,43,66,96,81,61,65,69,56,59,75,79,148,108,100,112,112,191,206,198,152,136,84,46,53,50,52,64,63,13,0,8,7,21,82,104,99,102,99,99,97,93,91,95,94,99,156,178,125,95,132,93,97,86,70,63,54,50,50,55,63,84,105,100,100,102,102,98,83,76,87,94,97,94,93,93,93,93,93,78,53,32,22,20,21,30,37,38,40,82,113,112,108,107,105,94,84,83,80,68,51,39,25,21,25,38,50,81,100,97,98,103,105,100,103,196,199,197,157,138,104,191,157,122,82,71,75,76,126,127,109,96,86,72,56,43,46,37,38,40,42,44,52,52,96,100,100,101,102,103,106,108,113,116,115,115,115,115,116,119,119,85,29,3,5,1,28,80,102,108,104,101,103,112,117,118,120,122,118,93,42,9,5,0,23,72,99,99,102,111,111,112,115,118,112,102,91,90,83,68,43,22,19,53,89,107,117,118,117,115,110,107,102,97,87,82,80,89,91,91,92,93,94,99,93,72,47,40,43,45,36,20,19,40,75,96,110,111,113,114,115,117,113,116,122,126,128,127,126,125,126,128,129,126,120,118,113,109,117,129,139,120,94,85,89,84,65,47,45,71,101,110,103,90,84,77,70,69,70,71,71,71,72,79,81,87,91,93,93,90,87,89,92,94,95,100,101,95,82,80,78,75,74,73,74,78,81,84,89,95,94,86,76,71,70,69,61,47,35,33,28,25,24,32,30,34,54,71,61,39,13,23,78,102,104,107,106,104,78,35,22,22,10,8,9,12,16,19,53,99,107,107,106,104,102,103,106,108,106,104,104,108,104,74,44,27,14,9,4,3,5,17,92,107,116,111,104,98,98,98,95,89,86,97,110,113,112,110,107,105,107,106,107,109,112,113
164,29,30,29,44,54,141,147,115,83,59,52,55,40,42,54,55,72,75,81,86,94,87,88,85,79,84,115,109,76,60,50,47,58,91,79,44,48,60,50,56,74,74,128,118,146,158,177,215,240,168,127,103,54,52,50,48,53,66,52,8,4,2,5,16,73,95,95,89,92,92,88,81,79,79,86,89,186,158,104,95,121,84,102,81,73,61,53,46,44,47,71,85,93,100,96,93,97,91,84,79,80,87,89,83,82,86,88,86,85,71,50,38,27,18,15,27,36,37,44,78,105,103,98,96,96,89,74,75,84,77,59,38,16,19,18,29,45,76,90,91,95,99,102,100,94,212,215,201,159,144,106,169,168,135,90,66,73,69,150,156,129,102,94,80,67,52,38,46,41,43,37,43,50,71,95,101,99,100,101,99,99,103,107,107,112,109,106,107,109,115,113,88,39,5,1,2,45,88,106,110,106,108,111,114,116,119,121,119,114,90,47,10,2,3,25,80,97,100,100,113,113,120,123,115,104,96,96,98,97,73,48,28,22,50,88,112,120,120,120,119,117,118,115,107,99,95,90,92,94,94,96,101,102,106,109,85,59,59,65,61,49,31,29,57,91,102,105,104,104,104,106,107,106,103,105,113,125,124,122,120,121,121,121,121,120,114,108,109,114,127,130,113,98,85,86,74,53,39,40,66,85,85,85,85,78,77,77,77,83,86,87,84,77,80,85,89,90,89,88,87,84,83,84,88,92,97,98,89,76,75,74,72,70,69,73,82,86,88,89,91,87,81,72,69,64,56,43,32,34,30,26,26,33,39,40,32,46,69,60,36,11,34,79,91,87,95,95,92,76,41,32,24,14,8,5,10,19,22,39,84,95,94,93,92,90,93,97,101,100,93,96,104,110,92,57,33,16,4,2,3,1,22,84,101,110,109,107,106,103,101,97,94,95,96,98,99,97,95,95,97,102,101,98,96,92,96
165,31,26,29,32,83,141,136,113,78,56,47,51,27,28,42,47,61,67,77,86,89,82,84,86,80,87,109,96,68,54,45,40,47,85,86,45,39,57,48,44,65,86,96,144,176,184,216,230,218,134,104,84,54,54,55,56,64,55,43,15,4,2,4,14,50,84,85,93,92,90,84,75,72,67,74,136,177,127,96,95,112,86,100,82,65,53,47,42,38,47,71,85,92,101,98,92,89,87,82,78,77,82,84,79,79,83,85,83,81,70,52,41,29,19,14,23,33,33,44,76,97,94,89,87,89,85,71,69,73,65,48,30,16,18,17,28,49,69,74,78,87,92,96,96,91,199,204,201,172,139,109,152,174,141,97,74,72,66,158,166,145,131,120,86,66,71,47,47,46,42,39,51,52,72,95,100,99,98,96,95,97,100,102,99,98,97,98,103,104,108,105,83,37,6,1,4,53,92,104,105,101,102,105,107,111,114,117,116,110,86,44,9,2,3,24,79,98,101,101,113,121,126,123,111,101,95,96,96,84,63,44,30,14,39,76,101,113,114,115,117,118,118,116,110,102,99,95,95,90,87,89,96,103,110,112,89,79,80,85,79,59,41,37,61,84,96,98,98,95,95,97,98,97,94,96,104,118,116,111,107,111,111,111,111,114,110,105,104,108,121,125,112,100,87,81,66,51,48,52,67,76,76,76,76,77,79,81,82,86,88,90,87,86,87,87,87,89,88,87,85,84,83,85,90,94,96,94,85,76,75,74,73,71,70,72,77,77,77,78,79,72,66,58,55,55,51,43,37,37,33,29,30,38,41,40,33,48,70,60,36,12,30,71,81,79,81,79,87,83,49,34,24,15,9,5,9,14,18,36,78,84,83,82,81,81,83,87,90,91,87,90,103,111,98,70,40,17,5,3,4,2,21,81,96,99,98,97,96,100,99,97,95,90,91,92,93,92,92,92,92,93,91,89,86,89,93
166,30,22,27,29,110,130,113,100,72,55,42,47,25,23,36,44,49,55,65,74,71,63,68,76,76,87,100,79,58,48,40,32,32,71,91,50,38,69,65,49,62,82,75,141,177,205,243,219,180,99,83,69,56,57,59,61,71,44,30,23,5,1,2,11,35,72,77,93,85,83,77,69,64,68,71,159,139,104,80,99,100,92,94,79,65,55,52,48,48,58,68,69,91,103,102,93,83,87,88,84,73,75,76,74,74,77,80,78,78,72,60,49,36,24,14,20,30,29,47,76,88,86,81,78,79,82,71,63,57,48,32,20,14,16,16,27,50,58,51,53,66,72,79,81,83,156,198,202,186,142,119,130,182,148,101,75,79,72,156,165,141,150,145,100,67,107,96,51,50,46,54,68,53,71,91,94,94,91,89,92,105,105,103,97,90,91,95,102,103,104,100,80,32,8,2,8,58,91,97,98,95,96,97,98,103,107,111,111,107,84,44,9,3,3,22,76,99,102,102,115,133,135,129,113,99,93,91,85,66,47,31,20,15,34,64,88,98,99,100,102,104,103,102,103,98,98,96,92,87,77,71,77,101,114,113,93,91,93,97,85,67,49,41,57,77,88,91,90,86,87,88,89,88,85,87,96,108,106,101,97,101,101,101,101,101,100,96,92,94,106,113,107,99,91,82,68,62,67,73,77,81,81,81,81,83,84,86,87,87,90,91,88,84,86,90,94,86,85,84,83,83,83,87,93,95,94,90,85,80,80,78,77,71,71,71,69,63,63,62,62,55,49,43,42,45,44,42,40,39,35,32,32,38,39,38,35,51,73,61,35,13,24,56,63,71,69,69,87,86,56,36,26,17,10,5,7,8,15,33,71,71,71,69,68,69,70,72,74,75,77,80,102,112,99,79,48,18,7,4,5,4,20,76,88,90,90,91,91,92,93,94,94,93,93,92,92,88,91,90,86,83,81,79,76,82,86
167,26,24,23,44,125,123,106,96,70,58,41,46,30,23,30,37,46,47,49,50,45,36,43,57,68,85,93,69,53,45,39,28,26,56,89,57,22,66,71,48,52,75,74,108,161,225,233,172,132,79,73,60,59,59,58,57,64,44,22,26,5,0,1,9,31,56,67,70,74,74,73,68,65,68,68,145,108,94,78,114,96,100,88,72,65,56,55,54,57,68,64,55,76,91,91,79,71,79,85,82,69,68,68,69,70,73,75,73,78,77,70,59,45,31,18,21,31,29,53,79,87,85,80,78,76,83,74,61,47,36,22,15,13,15,15,25,45,52,38,29,41,48,57,62,72,101,207,202,190,157,132,117,202,164,111,79,73,76,141,162,141,160,156,111,74,150,124,86,66,64,73,70,50,67,84,85,84,81,84,95,108,106,100,91,85,84,87,92,95,93,88,71,28,10,2,12,53,84,90,94,94,94,93,93,95,100,106,107,108,86,46,13,3,2,21,73,100,103,103,116,128,129,125,109,99,92,83,67,51,38,33,31,32,43,63,81,84,81,80,78,80,77,77,82,87,89,88,81,71,60,55,66,96,114,110,92,90,94,97,80,64,46,34,43,60,71,74,73,71,72,73,74,73,71,72,81,87,87,86,86,86,86,86,86,87,88,85,79,79,90,100,99,94,96,91,85,84,87,92,96,94,94,94,94,93,92,89,87,84,87,88,86,84,85,89,91,84,83,82,81,83,84,88,95,94,93,92,93,87,87,85,84,72,73,69,62,55,54,52,51,51,46,41,41,42,41,40,38,38,34,30,31,29,30,34,39,54,75,62,35,13,18,44,48,54,58,63,80,79,56,35,28,18,11,4,6,7,16,33,68,67,67,65,64,62,62,63,64,62,68,71,101,113,90,73,50,19,8,5,6,5,20,72,80,79,80,81,82,82,84,87,90,92,91,89,88,88,93,92,84,81,80,77,75,76,80
168,38,22,32,69,143,122,110,115,93,64,41,44,46,48,42,43,49,52,50,44,36,33,37,49,59,87,91,72,58,48,43,28,28,49,86,64,24,62,76,59,60,73,71,79,173,228,191,129,97,77,64,56,54,53,52,50,69,41,14,19,6,3,7,8,22,37,53,60,61,73,78,66,62,70,71,119,98,73,102,112,98,100,81,65,60,58,56,58,61,74,57,47,61,66,68,64,62,60,66,67,64,63,64,67,62,68,73,70,76,79,77,74,58,40,24,27,29,30,70,97,100,88,78,83,78,79,75,65,46,36,22,12,8,8,16,29,46,53,39,32,39,43,50,56,61,57,219,204,184,166,142,115,221,180,126,91,69,77,109,169,152,175,154,120,81,182,147,100,71,66,80,53,51,68,75,75,75,78,81,85,99,99,94,84,78,79,79,80,80,82,73,58,18,4,2,17,56,71,79,83,83,85,87,89,95,94,96,101,100,89,52,18,1,5,19,64,97,102,102,108,116,112,109,105,90,84,72,62,50,47,48,53,56,60,69,78,81,74,67,62,59,56,58,66,64,66,65,59,58,57,47,65,100,114,112,98,96,96,87,70,45,38,32,34,48,53,58,58,54,55,58,60,63,63,63,64,63,65,69,72,71,71,71,71,72,75,76,70,68,75,84,89,94,92,91,93,91,92,95,97,96,98,99,97,97,93,85,78,75,78,81,79,76,77,78,79,79,72,68,75,80,80,82,87,88,88,88,89,85,86,85,81,77,74,68,64,54,55,55,56,57,52,46,44,51,45,39,37,37,37,37,37,36,33,35,44,60,71,59,35,10,20,32,37,42,54,63,75,72,45,32,27,17,12,7,6,14,13,40,67,67,63,58,57,58,57,55,54,52,58,62,100,107,82,72,52,19,16,11,6,8,17,63,71,67,69,72,74,74,74,78,85,91,87,81,76,82,89,91,85,77,77,75,74,77,77
169,44,46,40,104,169,131,119,133,120,76,45,47,52,55,48,47,44,46,46,43,43,42,47,58,60,91,103,84,70,61,52,38,35,51,80,64,35,62,77,70,70,75,79,69,191,213,150,116,93,67,52,52,58,58,57,56,67,34,14,17,6,3,7,8,20,37,63,61,69,79,83,73,75,80,87,105,86,80,106,108,109,98,75,65,64,60,55,55,58,73,61,55,59,60,59,55,55,51,55,55,51,57,60,56,54,56,58,55,58,63,71,78,61,42,25,27,30,33,75,101,89,85,77,72,71,72,70,65,56,40,20,13,9,9,16,28,53,62,51,47,53,54,57,59,60,61,207,184,190,171,145,117,225,182,137,95,74,72,92,167,151,186,154,117,97,188,160,110,69,67,78,52,56,69,71,67,71,73,77,80,79,79,75,69,75,76,77,79,71,74,66,48,17,5,3,19,52,64,68,68,70,72,77,81,86,85,86,91,93,83,48,15,3,4,12,53,85,92,93,97,103,100,98,95,86,83,78,73,70,66,62,62,61,66,73,79,80,75,70,65,56,52,53,60,64,67,69,67,56,58,54,71,100,113,112,101,98,94,81,62,50,42,36,38,42,47,52,53,52,53,56,58,57,56,56,56,54,56,60,64,63,63,63,63,70,71,71,67,66,73,81,85,91,89,87,90,90,89,88,87,90,92,93,91,89,85,79,74,71,75,77,76,74,73,71,69,65,61,61,68,72,71,72,77,78,78,78,77,72,75,77,75,69,68,67,66,64,64,64,64,64,60,55,55,56,50,44,42,45,45,45,45,42,37,35,41,59,70,58,34,10,22,35,38,43,53,61,72,64,39,29,27,17,12,7,6,11,14,39,67,65,59,52,49,48,46,43,40,33,43,52,95,102,77,66,46,19,16,11,6,3,11,58,69,67,68,68,69,67,66,69,74,77,76,75,74,75,80,82,77,77,76,75,73,73,73
170,46,61,55,152,189,131,127,152,144,87,49,45,52,58,54,51,51,50,49,49,48,51,58,67,74,97,113,97,80,72,56,45,44,51,71,68,48,54,66,75,74,82,75,76,200,209,123,98,72,47,39,48,61,62,62,62,64,21,15,13,6,3,7,8,14,46,69,71,83,90,93,86,81,86,99,98,71,89,107,102,115,93,72,68,66,61,55,53,58,75,67,65,69,67,65,64,61,56,57,55,50,57,60,52,52,49,45,42,43,50,65,82,65,46,27,28,31,36,76,96,85,74,65,69,68,67,64,64,66,49,28,19,11,10,15,27,56,67,63,63,68,67,66,64,68,73,171,179,196,177,153,124,223,189,151,98,69,74,83,160,163,198,153,117,117,181,156,101,65,68,75,51,56,71,75,73,74,71,67,63,58,57,57,57,69,71,74,76,73,79,70,48,17,5,5,22,53,63,62,59,67,70,74,78,76,75,76,81,84,76,43,13,5,3,6,42,75,85,86,87,92,90,88,86,84,85,86,87,83,80,74,66,67,72,76,75,73,75,73,67,58,55,57,65,69,73,76,75,75,74,71,74,93,104,104,99,95,88,75,61,53,46,40,42,46,51,56,57,63,65,67,70,65,64,63,61,58,60,64,68,69,69,69,69,72,71,69,69,69,76,83,86,89,86,85,88,90,88,84,81,86,89,90,87,85,83,79,77,75,78,80,79,78,76,73,70,65,64,65,68,64,62,62,65,71,70,69,67,64,68,71,71,65,65,67,68,68,67,65,64,62,59,58,60,61,55,49,47,51,51,51,51,49,42,37,40,58,69,57,33,11,25,39,40,41,50,55,63,60,36,27,27,17,12,7,6,8,14,32,59,58,52,45,43,40,37,31,26,19,29,40,84,97,72,60,38,19,16,11,6,8,12,56,69,66,67,67,68,65,63,62,65,65,67,70,73,76,77,78,76,75,75,73,72,70,70
171,52,64,82,193,180,117,128,157,142,85,50,35,38,51,53,52,59,53,46,45,45,51,61,68,65,76,99,102,93,85,64,54,68,61,59,57,53,38,45,62,65,73,70,69,195,205,107,85,42,31,35,46,61,62,63,64,62,10,15,10,6,3,7,8,9,62,63,87,95,99,101,97,89,88,89,93,65,95,101,100,109,89,78,72,62,59,56,57,63,80,72,69,79,77,78,83,87,81,80,75,69,68,67,65,64,56,48,45,49,52,64,83,69,49,29,29,31,34,69,81,74,68,65,71,74,68,62,61,66,60,46,31,12,11,15,26,47,62,62,66,73,72,71,71,70,73,111,191,195,178,160,135,211,199,155,95,74,77,73,160,185,197,149,120,142,174,141,81,62,69,73,49,54,68,70,66,65,63,60,58,54,53,55,61,64,66,71,74,78,86,77,52,16,5,6,24,62,72,73,70,71,71,72,72,74,73,75,79,80,73,43,15,5,3,5,41,76,88,91,90,92,91,91,90,88,88,92,94,90,90,85,76,68,74,75,69,65,70,72,65,51,51,58,71,79,81,81,77,77,78,79,76,80,90,91,90,84,81,76,74,67,60,54,55,63,68,73,73,74,76,78,81,77,75,72,70,66,68,72,75,78,78,78,78,82,77,75,77,79,85,91,93,90,88,86,89,92,90,89,87,90,93,94,91,91,91,90,89,88,91,94,92,90,90,89,89,87,86,84,81,78,75,74,76,76,74,72,69,74,76,76,73,70,69,69,68,71,69,66,64,61,59,60,64,61,56,49,48,49,49,49,49,48,43,40,45,57,68,56,32,11,28,44,41,36,44,46,52,66,39,28,24,17,12,7,6,8,15,22,44,51,47,45,46,44,40,31,24,25,31,34,71,97,71,57,35,19,16,11,6,11,8,46,57,63,66,71,75,73,70,67,68,68,69,72,74,73,72,72,73,74,74,72,71,70,70
172,56,69,117,188,147,95,122,151,120,76,49,38,34,50,50,46,51,47,34,33,39,46,61,62,51,49,85,109,109,99,59,70,77,70,64,43,34,21,15,43,59,73,69,76,190,211,95,82,49,34,44,52,58,59,52,61,51,9,12,7,11,5,6,9,10,60,72,81,105,106,106,106,95,93,86,84,81,84,100,95,96,83,86,77,63,60,58,60,67,81,77,64,69,71,76,79,89,90,89,84,81,78,75,77,80,70,52,51,56,62,67,81,70,52,32,28,30,39,60,68,64,67,72,76,87,77,65,61,61,63,58,45,23,8,20,21,34,50,67,69,71,72,73,74,68,79,71,202,189,178,171,154,182,200,162,105,72,85,74,174,205,181,147,125,156,169,129,74,65,70,77,57,50,57,54,52,54,54,54,55,57,63,68,66,68,68,69,70,78,82,77,47,18,5,6,28,64,76,79,78,75,75,75,75,75,72,72,79,81,73,42,15,9,6,6,36,81,101,95,97,96,98,98,94,89,90,93,91,96,93,87,81,80,83,83,78,74,72,71,69,62,66,75,82,88,87,84,81,78,81,83,82,79,86,89,82,75,78,82,86,83,75,65,62,71,81,91,90,87,88,90,92,91,95,90,87,86,85,86,89,90,90,91,93,91,85,80,81,86,91,92,88,85,87,90,92,93,94,95,93,99,98,96,95,94,95,98,100,97,97,98,99,103,103,104,105,106,104,101,98,88,90,91,89,92,85,80,83,89,88,85,83,80,78,75,72,74,80,80,69,64,65,66,67,66,63,57,52,52,46,43,45,43,55,54,51,61,64,52,26,8,31,45,46,43,45,47,50,65,51,25,16,13,9,5,6,16,10,12,40,52,52,52,51,43,39,34,33,40,43,44,59,94,79,57,36,17,12,7,6,11,8,28,35,47,64,82,84,84,82,82,86,84,84,85,86,81,84,86,84,77,77,77,78,71,71
173,82,79,122,145,101,66,95,120,98,64,48,51,49,56,53,49,55,54,45,45,57,57,65,65,55,56,84,109,102,91,56,58,79,70,55,28,8,4,11,44,65,82,81,78,145,217,104,104,60,44,54,61,59,59,55,62,52,16,14,5,11,4,5,8,7,67,78,80,99,100,102,104,95,92,89,86,86,85,96,98,93,82,82,74,67,63,58,58,70,83,66,52,51,53,56,60,71,76,82,84,81,78,75,77,80,73,60,63,79,88,89,90,70,52,32,28,31,39,59,68,66,67,71,74,76,76,71,65,60,64,63,57,39,25,26,25,33,48,65,68,70,69,69,68,64,70,64,195,185,183,177,157,162,204,162,114,80,75,71,166,218,183,149,139,136,165,118,68,67,71,80,49,50,57,54,52,55,57,61,64,70,73,77,76,71,70,67,65,69,72,67,39,18,5,6,28,61,72,74,73,76,76,76,76,70,67,67,75,78,69,39,15,8,6,5,30,75,98,95,96,96,97,97,93,91,91,90,90,90,90,89,89,87,91,94,94,94,90,87,82,81,82,87,90,92,91,88,85,86,90,92,91,84,89,91,86,82,84,88,91,91,83,73,67,77,86,94,95,93,93,94,95,98,101,94,93,102,100,98,95,90,88,88,92,93,89,86,86,87,89,90,88,86,87,90,92,98,98,98,98,101,100,99,98,96,96,97,98,96,97,98,100,102,103,104,106,108,106,104,102,108,111,112,109,98,91,87,90,101,100,97,95,86,83,79,75,82,89,89,80,80,80,79,79,75,72,67,63,61,58,56,58,57,67,67,63,63,63,49,25,9,35,52,53,52,54,57,59,66,54,28,17,11,9,9,12,15,9,12,42,59,57,53,50,49,47,43,40,46,51,52,52,79,82,58,37,17,12,7,6,6,12,26,29,49,64,82,87,88,86,86,90,90,91,93,94,94,96,94,90,83,83,83,82,81,81
174,100,100,130,113,76,52,83,88,71,48,43,65,70,64,61,59,65,71,69,71,72,62,62,64,64,72,86,111,101,87,55,39,71,69,52,28,16,19,27,53,75,88,88,78,104,205,136,131,65,48,56,63,60,58,60,62,44,22,17,4,9,3,4,7,4,72,79,77,85,87,92,96,91,88,92,85,83,87,92,97,89,79,74,71,63,61,61,64,77,91,56,43,29,31,33,35,44,52,61,66,64,60,58,59,64,62,57,67,87,96,94,89,70,52,32,28,34,38,57,69,68,68,69,69,71,73,67,56,57,61,65,66,58,50,35,33,33,45,60,67,67,65,61,59,55,59,63,166,185,189,179,164,150,199,162,124,85,71,80,154,206,175,145,118,127,157,101,64,68,81,83,45,57,64,61,60,60,63,67,72,71,70,71,73,71,69,66,63,68,68,64,40,18,5,6,28,59,70,70,68,73,73,73,73,65,62,62,70,73,62,34,15,8,6,2,21,63,90,91,92,91,93,93,89,85,82,79,81,82,85,89,93,91,93,98,104,108,103,98,93,96,96,95,95,95,94,92,89,87,90,92,91,96,97,98,96,90,91,94,96,96,92,84,77,77,83,90,94,103,102,102,102,104,103,96,98,113,113,109,101,90,85,83,91,97,97,96,95,90,90,89,90,90,92,94,97,104,101,99,102,105,104,103,102,100,99,96,95,94,96,99,101,100,102,105,107,108,108,107,106,111,113,114,112,103,98,95,99,105,104,101,99,95,92,87,82,91,98,100,91,92,92,93,94,90,88,85,81,78,79,80,80,80,83,86,81,66,62,46,23,10,42,65,66,65,67,70,72,73,63,37,21,13,12,13,17,13,6,10,46,69,66,61,57,60,61,59,52,50,52,52,40,56,76,60,36,17,12,7,6,8,37,53,57,57,68,82,87,87,85,85,89,91,93,96,99,102,102,100,94,91,90,89,87,88,88
175,110,131,134,113,76,50,98,87,59,41,37,67,82,68,68,72,64,75,79,82,83,68,65,71,76,89,91,116,113,94,61,27,75,79,60,39,43,47,52,68,84,83,81,74,86,194,167,140,69,51,59,64,62,58,64,63,30,20,17,4,8,1,3,6,4,71,70,73,69,73,80,86,85,81,90,81,72,88,92,89,86,78,67,68,71,66,60,59,69,87,41,33,22,22,23,24,25,30,35,35,32,29,26,28,33,35,37,54,74,80,80,86,70,52,32,28,36,37,55,70,70,69,66,66,62,57,51,48,53,54,58,62,65,64,40,41,33,42,56,65,64,61,55,50,51,50,53,91,191,191,175,174,163,183,165,126,86,79,81,112,195,165,143,109,143,151,90,68,67,98,84,51,56,63,60,58,66,67,69,70,65,62,60,63,66,66,65,65,67,65,61,41,18,5,6,28,61,71,70,67,67,67,67,67,64,61,61,69,68,56,29,15,7,7,0,13,48,80,84,84,84,86,86,82,75,68,63,66,76,80,85,89,87,85,87,93,97,94,92,89,89,89,90,90,95,94,91,89,86,89,92,90,95,94,94,95,94,94,95,96,91,93,92,86,81,84,90,97,111,110,108,107,102,98,90,94,106,110,110,101,89,82,79,89,100,104,105,102,97,94,92,96,97,99,101,104,105,99,97,103,108,107,106,105,103,100,96,92,92,95,99,103,98,101,105,109,105,106,106,106,109,112,113,110,105,100,98,103,105,104,101,99,104,100,93,87,91,98,102,94,86,90,96,102,103,102,99,97,93,97,100,98,95,94,99,92,68,61,42,21,12,48,75,77,73,75,77,79,82,74,48,29,20,17,15,17,12,3,9,50,75,74,73,71,70,73,72,63,61,54,55,45,53,75,76,47,17,12,7,6,12,58,71,73,70,75,80,83,80,78,78,82,82,85,89,92,92,95,95,93,95,93,90,88,98,98
176,109,141,127,103,50,51,106,85,65,36,30,56,81,78,75,76,65,61,73,89,90,85,79,79,85,91,104,117,119,97,75,25,75,88,60,48,54,72,77,79,76,77,72,62,74,180,182,121,77,54,57,64,58,66,59,68,26,21,12,9,13,0,7,5,14,65,62,62,56,59,74,81,76,81,83,78,68,77,85,85,83,76,54,65,77,68,56,46,63,78,15,19,16,18,20,23,24,23,22,21,20,18,13,10,7,7,14,27,44,49,58,77,71,51,30,28,31,36,57,69,67,66,63,62,56,50,45,48,52,50,55,54,57,67,53,40,33,36,47,61,64,64,58,47,54,54,51,44,206,195,183,192,165,167,169,126,88,69,76,100,205,159,144,117,164,142,80,67,72,118,78,49,45,51,51,55,62,63,63,64,58,57,55,54,61,61,61,61,65,55,46,31,12,1,3,20,53,70,67,66,58,60,61,59,59,61,64,67,71,50,23,11,9,6,5,6,30,63,74,74,74,74,74,74,64,58,56,62,69,69,71,76,75,75,75,75,76,77,77,79,79,80,81,83,89,88,84,80,77,77,77,77,84,82,81,84,89,88,87,86,85,86,87,88,91,87,89,99,112,112,109,102,96,93,92,98,100,102,102,98,89,86,87,94,104,104,104,104,99,94,89,88,93,96,98,97,95,93,93,97,103,99,97,98,103,102,97,89,85,89,95,101,97,99,104,108,104,104,104,104,102,101,101,101,97,100,105,108,108,106,102,99,101,98,92,88,86,94,99,94,85,86,90,97,103,105,106,104,100,105,108,104,105,101,99,93,71,52,32,17,16,56,85,82,79,82,83,80,80,83,55,29,22,15,17,18,11,3,2,41,81,83,82,85,82,79,74,71,62,65,66,63,70,73,88,67,40,13,5,4,20,80,80,75,68,73,78,80,75,77,78,76,75,77,81,85,84,84,86,87,91,92,93,93,101,101
177,100,136,127,97,42,74,83,68,52,31,25,47,84,79,73,72,68,63,73,84,88,88,88,88,82,85,99,120,122,102,79,31,72,91,63,42,43,70,80,67,64,63,57,50,66,178,177,124,93,64,72,67,60,58,63,63,25,20,13,10,11,1,6,5,21,59,51,44,42,45,60,70,69,72,72,65,53,61,76,79,84,77,71,76,83,72,57,46,53,68,6,10,13,16,20,24,23,23,21,20,18,16,12,9,6,5,11,22,37,44,63,85,71,53,33,30,32,36,53,62,61,60,59,59,59,55,56,63,62,49,47,52,51,58,63,47,36,36,44,57,67,68,62,50,50,51,41,49,191,175,185,180,168,158,169,128,92,76,77,91,184,158,150,139,162,132,75,63,84,114,75,46,42,47,45,48,56,57,58,60,60,59,58,57,56,56,56,56,57,48,40,25,11,2,3,18,44,62,60,60,55,55,55,55,57,60,64,67,69,49,24,13,8,5,4,6,24,52,62,63,63,63,63,63,60,56,54,59,61,61,62,67,65,65,65,65,64,65,66,68,71,71,73,74,74,74,74,74,74,74,74,74,73,71,69,72,74,75,77,79,80,81,83,84,87,84,85,93,100,101,98,92,89,87,88,91,94,98,102,101,97,94,92,93,96,98,102,105,101,94,85,81,84,87,90,88,91,89,89,93,96,92,90,91,93,95,94,91,84,87,91,95,91,93,97,100,97,97,97,97,95,96,96,96,96,98,102,105,108,107,105,103,103,100,95,91,86,93,98,96,90,89,92,97,101,104,105,102,101,99,100,104,105,102,100,92,64,44,26,15,15,56,86,85,82,85,86,83,77,82,58,34,24,16,17,17,11,4,2,34,77,84,81,83,83,81,77,74,76,79,80,77,76,79,97,80,46,18,7,4,23,83,84,79,74,76,77,75,72,74,75,73,72,75,79,82,79,80,81,82,89,91,94,97,97,97
178,85,120,123,95,80,65,49,29,34,27,20,38,63,57,49,47,56,54,64,70,75,83,88,84,74,77,93,115,125,112,90,52,67,89,62,39,37,47,57,54,35,35,36,38,60,181,176,136,112,84,91,69,58,51,67,51,23,19,13,11,7,3,6,6,28,50,48,44,37,35,48,60,63,64,60,49,44,48,70,74,78,84,93,91,78,70,62,60,60,75,13,17,14,16,18,21,19,18,17,16,13,12,10,8,7,5,7,16,29,38,70,93,69,55,38,33,34,35,46,51,49,50,52,54,55,55,60,70,69,48,41,49,48,49,68,57,41,36,38,51,62,63,57,45,45,46,38,65,147,174,180,184,170,152,171,135,92,76,77,89,148,162,163,163,149,109,67,65,106,105,68,41,39,43,38,39,45,46,49,52,56,56,57,57,51,51,51,51,48,40,33,19,9,3,4,14,36,55,55,56,52,47,44,46,51,54,60,65,62,44,21,13,6,4,3,4,13,34,51,57,57,57,57,57,60,59,58,60,55,53,53,57,61,61,61,61,63,64,65,66,67,67,69,70,65,67,69,71,73,74,74,74,74,70,68,69,64,66,69,72,75,76,78,79,78,78,79,83,83,84,83,78,76,78,79,79,82,88,94,96,97,95,92,87,82,86,93,98,97,89,80,75,75,78,81,79,84,83,83,86,87,83,81,82,81,85,89,89,83,83,83,84,81,82,85,86,84,84,84,84,84,85,87,88,89,91,93,95,101,102,102,103,101,98,93,89,84,88,93,95,95,93,92,95,99,101,102,100,98,95,96,104,105,104,102,89,52,31,16,11,13,55,88,89,88,90,91,89,78,83,61,39,27,19,18,17,9,6,1,22,68,86,85,88,90,88,86,84,87,90,91,88,82,83,101,88,57,26,11,5,28,89,91,88,87,87,83,77,74,76,77,75,74,76,80,84,81,82,83,84,90,92,95,98,95,95
179,59,87,100,87,79,49,18,6,24,28,21,34,47,43,38,39,44,46,60,67,69,82,88,76,62,73,89,99,112,107,91,64,64,81,56,43,35,33,47,57,52,49,47,51,62,190,182,153,119,104,99,65,50,52,67,40,22,18,13,13,3,4,5,7,46,56,60,58,51,44,50,60,65,64,56,43,37,36,60,61,64,93,105,98,80,72,66,68,60,75,12,17,20,19,16,14,12,11,10,9,9,9,8,7,12,8,8,15,28,36,74,96,68,57,43,36,36,34,40,42,39,42,46,50,46,45,49,58,62,47,43,49,51,49,61,62,45,35,33,45,62,62,57,45,40,42,52,84,113,185,187,189,170,157,171,142,103,76,69,86,118,171,174,167,126,83,63,77,125,98,63,37,40,42,36,34,35,38,42,45,46,47,48,50,50,50,50,50,43,36,30,18,7,3,5,11,37,55,57,59,48,41,35,39,42,46,53,59,53,36,16,9,5,3,2,3,5,23,49,63,67,67,67,67,67,68,69,68,69,68,66,69,71,71,71,71,66,67,68,70,73,73,75,76,77,77,78,78,80,81,81,81,79,75,71,71,71,71,71,72,75,75,77,78,71,73,74,74,71,73,73,70,65,69,72,70,71,75,79,80,80,82,82,77,73,76,81,85,88,83,76,74,75,78,80,79,79,77,77,81,82,79,77,78,76,80,83,82,82,80,77,74,72,73,74,75,72,72,72,72,75,77,79,82,81,81,82,83,89,90,93,96,93,90,85,80,78,80,86,91,95,92,89,90,96,99,100,97,93,98,103,104,104,106,104,87,41,20,7,8,11,54,90,93,92,95,96,93,85,88,62,37,30,21,19,17,8,8,0,12,59,88,92,100,98,98,97,96,97,99,100,98,97,93,107,94,66,33,15,5,32,94,97,95,99,99,97,91,82,85,86,83,83,85,89,92,93,94,95,97,97,96,95,94,96,96
180,54,66,71,76,82,57,34,34,41,47,42,58,49,54,45,50,49,54,68,70,73,85,79,72,60,68,78,82,87,85,78,69,77,82,70,62,64,61,74,81,78,77,76,75,71,201,183,149,133,115,93,70,51,52,62,35,15,25,23,17,0,10,1,28,61,64,67,70,63,64,57,59,67,66,63,52,44,46,48,47,56,98,109,94,88,74,60,68,68,80,30,28,31,27,23,24,16,12,11,16,9,14,20,22,20,20,19,18,29,30,75,94,72,55,43,40,37,33,38,38,41,40,38,38,37,40,44,47,48,46,45,47,47,51,52,60,55,46,45,43,54,62,66,60,47,43,63,102,116,190,179,194,180,161,170,156,104,70,69,79,94,175,183,151,97,73,66,84,121,90,56,31,40,45,40,36,36,36,36,36,31,35,41,45,48,52,53,47,40,31,26,17,5,4,4,5,34,54,64,63,52,47,43,43,44,50,57,60,52,29,12,8,3,3,3,3,3,23,57,73,74,77,78,75,74,75,79,82,83,84,85,87,82,83,86,88,84,84,84,84,81,84,86,82,87,87,87,87,89,90,90,90,86,85,84,82,81,80,79,79,78,76,74,71,74,74,74,74,74,76,75,72,67,67,67,66,65,63,63,67,71,70,68,67,62,63,65,67,70,76,78,73,74,75,76,77,77,77,77,77,75,75,75,75,78,78,78,78,75,75,76,77,75,77,76,72,67,67,66,66,71,72,73,75,76,76,76,76,81,81,81,81,76,74,73,77,76,79,84,88,92,89,87,88,93,99,96,94,97,100,101,98,101,104,109,73,21,14,12,6,3,51,95,100,101,99,96,93,95,87,60,37,28,19,18,17,11,4,0,6,49,97,107,111,104,101,98,99,101,100,102,107,105,107,105,100,72,44,21,7,38,95,96,98,102,101,99,97,92,93,94,92,93,91,96,106,103,107,109,108,100,101,93,90,100,100
181,69,76,74,72,73,74,69,57,62,55,59,69,63,72,63,62,69,68,74,73,71,80,78,73,64,68,76,83,85,81,79,82,91,95,88,82,74,77,79,87,91,92,92,93,92,196,193,103,159,134,95,63,47,54,51,29,23,28,22,17,5,6,21,47,58,59,65,76,68,66,56,55,60,65,66,61,58,55,57,64,68,99,109,100,87,70,59,66,69,82,46,46,52,46,38,35,25,22,19,19,24,30,36,39,43,42,41,39,40,40,84,101,77,58,44,39,37,35,42,44,46,45,43,42,41,43,47,49,50,47,46,48,50,55,56,64,63,52,46,42,48,56,63,63,51,42,75,114,117,143,192,186,179,170,166,158,121,87,60,70,77,173,180,128,82,68,67,96,113,83,51,27,35,42,39,37,39,39,39,39,36,38,43,48,49,54,54,48,38,28,22,13,5,4,4,5,34,53,63,62,59,55,52,52,52,57,63,65,52,29,12,8,3,3,3,3,1,20,55,78,79,82,83,80,77,77,81,83,88,90,91,92,89,90,93,95,88,88,88,88,91,92,94,92,91,91,91,91,91,91,91,91,92,92,90,89,88,87,85,84,78,77,74,72,74,74,74,74,74,76,75,72,70,69,67,66,63,61,62,65,69,69,68,67,65,65,66,67,66,71,73,68,70,71,72,73,73,73,73,73,70,70,70,70,73,73,73,73,74,73,71,69,69,72,73,71,68,69,69,69,70,70,72,73,72,72,72,72,76,76,76,76,69,67,68,72,79,81,85,88,87,83,81,82,88,95,93,91,94,97,98,95,94,97,95,59,20,13,12,7,6,45,90,101,99,98,95,93,96,88,60,37,26,18,18,18,12,6,2,6,40,88,103,106,102,98,94,95,95,94,97,103,101,105,104,101,75,47,23,8,38,98,99,99,99,99,98,97,99,99,99,99,98,95,98,107,100,104,106,105,100,95,85,90,98,97
182,84,88,80,74,76,83,86,80,76,62,76,82,82,89,77,74,77,69,68,63,62,65,70,71,76,73,77,89,101,95,94,101,110,105,95,83,75,77,70,79,85,87,91,94,90,187,186,115,181,152,99,64,44,55,48,39,41,36,18,13,12,66,81,52,47,50,61,75,81,72,48,36,53,67,71,72,68,63,63,73,82,104,116,108,93,71,64,70,70,82,65,66,66,59,48,43,42,42,40,38,47,54,62,65,66,64,61,58,52,51,92,107,85,64,46,37,34,34,45,50,51,50,48,47,44,45,47,48,48,45,44,47,50,54,55,63,72,59,51,44,40,46,55,60,60,50,88,123,112,89,195,183,194,168,170,167,139,89,65,72,78,143,172,93,67,66,67,109,103,75,46,24,30,39,40,42,44,44,44,44,43,45,48,51,52,56,57,51,37,27,19,9,5,4,4,5,32,52,62,61,57,54,52,54,54,59,63,64,52,29,12,8,3,3,3,3,1,14,48,78,84,87,88,85,81,82,83,84,84,86,88,89,86,88,90,92,92,92,92,92,92,91,91,92,95,95,95,95,94,94,94,94,97,96,95,94,93,91,88,86,80,78,76,73,74,74,74,74,74,76,75,72,72,70,65,61,60,59,59,63,66,66,67,67,67,66,64,62,65,70,72,67,64,64,66,67,66,66,66,66,65,65,65,65,68,68,68,68,71,69,65,62,66,69,71,69,68,69,70,72,70,71,72,73,69,69,69,69,71,71,71,71,71,70,72,77,81,82,82,83,80,77,75,76,79,87,86,86,89,91,92,90,93,94,81,44,19,12,12,8,6,32,78,99,96,95,94,94,97,89,60,35,23,15,17,18,13,9,5,5,25,72,96,97,93,91,90,93,93,92,92,95,95,100,102,101,81,52,26,11,36,98,101,98,95,95,95,96,96,93,92,95,100,96,95,102,95,98,101,99,98,91,81,90,97,96
183,86,92,88,85,87,93,95,88,81,76,90,99,107,103,85,90,89,77,73,70,64,61,73,79,76,67,67,83,100,104,111,116,114,103,96,82,76,63,60,66,80,83,89,94,90,193,177,166,195,165,99,61,47,52,62,68,29,22,8,14,51,119,108,49,51,64,77,81,92,81,55,39,52,71,73,77,76,75,74,73,87,112,129,112,90,64,61,66,70,79,74,71,70,63,55,51,57,62,66,65,63,70,80,84,83,80,76,72,70,67,106,119,92,69,47,35,28,30,45,53,51,51,49,48,43,43,45,45,43,41,40,42,43,47,48,56,74,62,56,51,35,38,43,49,55,52,75,101,98,71,177,194,201,172,170,172,143,100,73,70,74,97,128,73,66,70,64,110,98,71,44,25,29,40,45,49,49,49,49,49,49,50,53,55,54,58,59,53,40,29,20,9,5,4,4,5,31,51,61,59,56,54,53,56,60,64,67,67,52,29,12,8,3,3,3,3,3,9,38,70,85,87,88,86,85,85,85,85,83,83,85,86,84,86,89,91,91,91,91,91,90,86,85,88,94,94,94,94,95,96,96,96,94,93,92,91,90,88,84,80,81,79,77,75,74,74,74,74,74,76,75,72,71,67,59,53,58,56,57,60,63,64,66,67,65,63,58,54,57,62,64,59,58,59,60,61,61,61,61,61,64,64,64,64,67,67,67,67,66,66,65,65,73,74,71,65,63,65,68,70,73,74,76,77,69,69,69,69,70,70,70,70,72,72,75,81,80,79,77,75,78,75,73,74,72,81,81,82,84,87,88,85,88,89,66,28,17,12,13,10,3,17,65,94,93,93,94,94,99,90,59,34,20,13,16,18,13,12,8,4,11,59,89,89,80,81,87,96,101,96,89,87,89,96,101,101,86,56,29,13,30,95,100,94,91,92,93,95,93,87,84,90,94,89,86,91,91,94,96,95,93,93,88,91,100,98
184,95,94,94,94,89,95,92,84,82,97,103,102,105,100,90,91,93,86,81,77,68,57,74,73,52,46,60,75,84,88,121,131,102,98,95,99,91,69,62,71,74,75,83,96,96,194,180,177,199,176,105,62,46,60,86,75,56,49,64,77,85,124,128,113,123,147,135,113,98,85,75,65,61,69,76,84,88,82,80,72,86,114,122,98,57,50,49,59,73,79,68,65,73,68,64,67,78,78,78,78,72,65,84,94,90,89,87,85,77,79,121,123,96,72,47,33,26,28,35,57,54,54,56,62,64,61,56,51,48,43,45,42,41,37,37,44,63,78,57,55,46,37,33,43,49,48,50,55,63,77,137,195,192,184,152,169,148,110,80,65,76,80,102,60,65,62,68,106,94,79,60,35,38,45,52,51,54,56,57,55,49,56,61,59,56,58,63,52,37,32,20,7,2,8,7,10,33,59,64,60,64,61,60,65,61,68,72,69,47,29,22,15,6,5,2,2,3,8,22,56,77,86,85,84,84,87,92,91,85,85,85,85,85,89,93,92,89,87,87,92,91,90,89,89,97,98,98,93,92,92,94,100,99,97,93,89,86,80,75,76,78,76,73,71,66,63,64,71,75,73,70,67,70,68,61,53,52,53,56,59,63,64,65,67,64,60,54,49,55,56,58,59,54,57,59,57,58,56,57,61,58,59,60,62,68,69,67,62,60,62,67,70,81,78,72,67,63,64,68,70,72,75,76,74,71,71,71,71,71,69,69,72,70,72,76,80,75,72,72,78,78,82,83,78,73,71,73,77,76,78,80,82,85,78,44,17,14,13,12,11,10,7,55,93,96,96,96,96,101,84,55,32,20,10,14,23,19,12,11,6,0,50,88,91,82,82,86,96,100,103,90,84,92,96,98,97,83,56,30,14,26,89,93,92,81,83,87,90,82,79,78,81,87,87,87,88,88,87,97,92,90,89,90,94,95,95
185,109,99,91,93,84,85,84,80,76,101,108,92,93,90,88,89,93,97,87,88,76,66,80,81,72,65,71,79,80,78,124,138,96,97,102,109,109,86,74,77,80,76,77,85,85,186,176,179,196,175,107,63,52,62,84,86,95,93,126,141,150,161,155,166,191,196,181,153,108,93,86,85,71,68,81,86,89,82,80,76,73,98,98,76,55,53,55,63,70,80,73,71,73,73,76,83,84,84,84,84,82,75,87,93,94,94,93,92,92,97,124,122,97,71,46,31,25,27,35,61,66,61,64,80,91,89,83,79,71,67,69,67,55,47,38,37,61,80,61,57,49,41,35,41,54,48,43,41,35,46,97,206,189,183,152,167,147,115,83,64,70,74,91,63,49,49,88,103,91,82,69,48,38,46,54,54,52,55,56,54,54,60,62,57,53,55,59,48,36,33,25,14,4,10,9,12,35,61,68,64,64,69,70,65,71,76,77,71,52,38,26,16,7,7,5,5,1,3,13,45,70,82,84,82,80,83,88,87,86,85,83,80,82,83,82,80,73,71,71,74,83,83,86,88,95,95,91,83,75,83,97,108,114,108,99,91,83,79,76,76,73,72,70,68,67,65,64,67,78,74,68,63,63,63,63,62,56,57,57,58,65,66,67,68,66,63,59,55,58,59,60,61,57,59,58,53,59,64,67,63,59,59,60,61,69,70,69,64,59,61,65,68,67,66,65,64,63,64,67,69,68,71,72,69,73,73,73,73,68,66,67,71,68,69,71,72,73,72,74,79,78,80,81,79,74,71,69,71,75,76,79,81,86,67,33,19,17,15,12,10,9,5,55,97,100,100,100,100,106,85,53,29,18,10,16,28,22,15,15,11,1,46,86,93,92,92,96,103,100,96,85,85,86,91,97,99,83,56,30,14,23,85,93,90,79,81,85,89,81,79,78,80,88,88,88,87,87,89,95,90,85,85,89,95,95,95
186,108,95,86,92,88,77,79,82,84,110,115,94,85,81,87,87,91,103,94,101,93,85,94,99,96,94,88,86,79,85,106,115,100,104,111,116,113,98,94,99,94,86,78,79,77,183,174,184,190,174,110,65,54,64,81,91,96,100,132,140,152,162,161,183,209,211,209,197,179,150,118,96,81,73,87,89,83,74,74,75,69,86,98,90,87,84,76,67,66,83,82,81,80,85,92,98,92,92,92,92,93,86,85,85,87,88,88,88,93,111,121,123,97,71,45,29,23,25,35,68,77,68,69,86,94,92,86,82,85,81,84,84,70,57,41,35,55,80,66,56,54,48,45,47,51,47,44,45,35,37,60,209,198,204,169,155,143,132,101,66,65,79,84,76,39,48,117,101,98,91,79,53,39,48,57,58,54,57,58,55,52,56,57,51,49,50,52,40,30,27,20,10,5,11,10,13,33,62,74,75,72,69,69,72,76,80,80,73,61,53,33,17,5,5,6,6,4,2,5,31,62,78,84,82,87,87,87,83,82,78,72,65,61,61,57,52,46,42,42,44,50,51,56,59,69,68,63,54,51,71,98,110,118,112,102,92,82,82,82,80,68,67,66,65,64,65,65,64,64,60,52,46,43,44,51,61,63,64,64,65,67,67,66,66,66,65,63,61,61,61,61,60,62,63,60,55,61,68,71,63,60,60,60,60,67,69,69,66,58,60,62,64,54,56,59,61,63,64,65,66,65,67,68,66,72,72,72,72,65,64,66,71,73,71,69,67,66,69,73,76,74,74,75,78,75,71,68,68,72,73,76,78,81,50,22,19,16,15,14,13,13,5,54,99,102,102,102,102,105,81,46,24,16,8,16,29,23,18,19,16,12,47,89,102,102,104,106,107,100,93,89,90,85,91,98,101,83,56,30,14,17,76,92,87,79,82,86,89,87,85,84,86,87,86,84,83,90,96,96,91,85,85,89,95,88,88
187,89,88,91,97,101,81,86,94,94,105,105,103,91,84,93,87,89,93,98,107,97,91,95,104,108,111,100,94,97,95,101,99,98,107,120,125,110,100,103,111,111,101,91,89,83,190,179,190,185,173,112,67,48,65,77,81,86,98,99,98,106,125,130,149,173,188,193,203,203,178,140,101,85,85,88,89,85,75,76,82,78,75,108,110,113,109,93,70,62,84,90,90,94,98,100,97,95,95,95,95,95,89,77,72,82,83,84,86,103,129,121,123,98,71,43,26,22,23,35,74,91,83,77,79,81,78,72,68,68,65,70,71,71,59,46,42,46,77,66,52,41,41,43,47,45,43,42,44,50,51,52,198,207,208,166,148,147,130,91,64,69,81,78,95,48,68,134,105,94,92,85,59,40,49,60,62,59,61,62,60,51,57,61,58,59,59,60,47,33,29,19,7,3,9,8,11,26,60,81,90,100,93,81,72,68,74,77,73,68,65,40,19,14,15,16,17,13,9,6,26,58,79,88,85,89,87,79,68,57,52,42,32,27,28,26,23,22,18,16,18,18,18,18,19,24,25,23,16,23,50,78,84,87,85,82,79,84,88,90,86,81,81,81,81,78,74,63,48,33,30,26,22,17,18,26,41,53,56,61,65,65,64,62,61,63,63,63,64,60,59,58,57,64,66,67,64,62,62,60,59,62,61,60,58,62,64,66,63,58,58,59,60,56,57,59,61,64,64,63,63,65,68,69,66,69,69,69,69,66,66,69,75,70,66,60,55,56,63,70,71,67,65,67,73,73,71,71,75,70,71,74,76,71,39,18,16,10,12,17,20,22,9,52,96,101,101,101,101,96,71,38,21,16,7,12,22,22,17,19,17,14,40,85,104,104,107,108,104,101,100,106,99,92,97,101,101,83,56,30,14,12,69,91,85,83,85,89,93,99,97,96,98,97,95,92,90,95,105,101,95,95,92,91,94,89,89
188,118,110,103,101,100,90,81,85,86,92,91,94,91,89,97,92,87,98,105,120,97,80,95,106,110,110,105,105,102,99,108,109,101,108,109,130,105,93,97,106,113,104,105,99,91,189,195,200,181,172,122,62,44,68,75,78,90,97,103,96,93,91,91,93,121,138,158,167,163,156,132,98,83,84,86,88,92,87,86,99,90,65,105,114,118,119,103,72,63,78,75,90,99,95,90,90,90,96,99,95,84,85,81,70,78,85,84,88,134,148,142,132,106,69,35,24,19,20,31,77,96,95,88,81,83,81,74,64,64,60,56,54,59,57,54,52,54,74,68,46,42,36,32,35,34,34,36,37,47,49,50,147,210,201,178,164,145,142,99,75,70,80,86,94,88,83,134,118,88,81,75,61,44,49,58,65,63,63,63,63,56,56,60,67,78,71,69,79,79,58,34,14,9,6,11,11,20,54,76,94,107,113,108,88,68,62,66,68,71,61,43,28,31,31,30,30,27,13,10,31,62,77,90,89,90,87,69,42,23,22,20,19,15,14,11,10,14,12,10,8,7,8,9,9,9,7,5,7,20,39,59,62,64,64,64,65,78,83,89,90,89,88,100,110,103,79,50,25,11,12,13,14,12,9,10,17,25,34,50,63,61,63,66,69,65,62,59,60,66,62,58,58,62,65,68,68,60,57,56,59,58,57,56,55,64,65,63,57,55,59,63,63,62,59,58,61,63,63,63,63,58,63,67,67,65,66,67,68,68,67,66,65,67,62,53,45,50,55,63,70,70,66,64,68,72,72,72,72,70,71,73,74,66,32,16,17,11,10,14,25,30,23,51,93,95,93,91,91,84,54,33,18,10,6,5,22,36,18,11,14,14,19,64,97,101,104,97,95,94,108,115,103,93,101,99,98,84,56,30,16,8,58,97,93,90,89,91,98,104,100,97,101,101,110,112,102,105,104,104,108,101,92,99,104,99,97
189,121,106,88,82,89,87,81,73,81,95,98,96,99,89,88,90,94,109,106,115,100,95,99,112,109,100,97,107,121,110,104,102,98,101,102,115,104,100,102,101,99,103,110,104,93,158,190,193,181,169,123,62,48,75,86,89,93,100,105,99,95,95,95,95,96,103,109,107,97,103,105,96,90,90,89,88,95,99,97,102,101,73,119,124,122,123,107,76,64,75,72,85,89,76,66,71,91,96,97,92,82,85,85,77,73,95,85,103,142,143,144,142,113,72,34,23,21,23,35,81,96,96,91,86,88,89,87,81,71,68,62,57,66,64,62,60,63,72,63,44,37,31,28,32,32,33,34,35,40,43,44,122,221,206,178,161,136,143,103,69,69,78,84,93,106,97,133,119,82,71,65,59,53,55,57,60,62,62,62,62,59,59,61,67,72,75,85,100,107,82,52,26,13,11,18,20,28,54,69,78,97,104,104,90,74,65,63,62,68,60,47,36,33,33,34,34,29,17,12,24,44,68,91,91,84,69,43,25,15,14,13,12,11,10,9,9,7,7,8,9,10,10,12,14,19,18,19,24,34,51,70,75,69,68,68,68,71,76,81,81,84,83,96,107,93,61,28,9,9,9,11,12,10,8,8,11,12,17,30,44,55,57,62,66,58,54,52,54,59,56,55,57,61,61,62,63,62,59,58,60,62,61,60,59,66,67,66,61,56,60,64,64,60,58,56,59,60,60,60,60,62,66,69,69,67,68,69,70,68,67,66,65,61,59,56,53,57,59,63,66,70,67,66,69,68,68,68,68,67,67,68,69,51,25,16,18,15,12,14,23,33,24,41,76,81,80,79,78,73,45,28,16,9,6,8,27,45,18,9,24,23,18,50,90,100,103,97,96,98,107,108,96,91,101,101,101,81,55,31,16,4,46,93,98,98,96,95,98,100,97,94,95,96,105,110,105,102,102,106,113,102,77,90,99,101,100
190,92,87,82,82,82,94,100,89,92,108,111,105,101,90,81,89,95,107,101,103,101,104,99,112,115,95,95,112,128,119,104,97,98,96,96,95,87,94,100,103,113,122,121,108,93,138,188,187,180,164,123,63,53,83,97,99,94,101,107,100,103,106,107,104,100,101,101,99,90,93,94,90,87,86,84,82,91,92,88,113,129,82,111,133,128,129,113,82,67,72,71,80,84,68,57,65,89,92,91,83,69,74,76,71,71,76,90,123,141,125,143,147,117,72,32,22,24,25,33,78,91,94,94,92,86,89,90,88,82,82,78,70,70,69,68,68,74,71,60,38,28,24,22,27,30,30,32,33,35,38,41,83,231,213,181,149,124,138,109,81,66,76,81,90,106,105,120,104,82,69,60,50,45,49,57,64,64,64,64,64,66,64,63,66,72,83,99,111,113,86,54,26,12,12,24,29,35,51,62,63,66,77,87,86,70,62,63,63,60,55,46,39,29,30,32,33,32,23,17,19,29,54,81,85,73,51,24,17,18,18,17,16,11,11,12,12,14,16,17,20,20,21,25,28,34,34,37,42,47,59,72,76,67,66,64,63,58,62,66,65,65,58,61,63,44,20,6,7,7,8,10,11,10,11,12,12,8,5,13,31,36,41,51,59,51,49,48,51,53,52,55,61,70,66,62,64,61,59,58,60,63,62,61,60,62,64,64,61,55,59,63,62,60,58,57,59,59,59,59,59,65,68,70,68,67,67,69,70,68,67,66,65,64,65,67,69,71,70,70,70,69,70,70,69,66,66,66,66,65,65,64,64,54,34,27,22,17,12,10,16,23,17,27,60,73,76,76,72,58,33,22,14,9,6,7,26,51,17,8,37,44,29,43,84,98,102,97,97,101,102,98,90,89,99,99,100,75,54,32,15,3,29,86,103,103,103,100,97,96,95,92,89,85,92,99,99,99,100,105,113,103,71,86,97,105,104
191,72,83,89,83,80,92,100,92,92,98,93,89,91,90,82,89,100,100,106,103,97,94,92,104,111,89,92,101,108,116,110,102,105,99,97,86,77,82,83,95,113,117,105,96,89,155,193,189,179,160,124,64,55,87,99,95,91,98,104,97,98,104,107,101,100,99,98,99,95,94,89,83,83,83,84,85,89,94,89,119,157,111,110,133,134,135,119,88,74,72,73,80,77,71,67,71,84,86,82,72,65,68,69,62,62,88,139,146,123,102,139,138,111,65,27,22,26,22,24,63,84,89,93,93,86,89,89,86,90,95,96,88,81,81,81,81,90,87,77,44,21,17,16,23,27,28,29,31,38,41,46,57,229,219,186,133,118,152,131,84,64,73,79,88,92,107,113,90,71,71,71,56,34,41,54,64,69,69,69,69,71,68,65,66,62,79,100,109,90,67,41,19,5,7,22,30,33,46,62,64,59,66,73,73,71,62,61,60,53,47,38,29,19,21,24,25,32,29,25,23,29,43,60,69,64,49,34,35,39,39,38,36,32,33,34,36,40,39,38,38,36,38,43,46,45,44,43,46,47,51,55,56,55,54,51,48,48,51,53,51,52,41,35,30,25,13,11,13,10,11,12,13,16,23,29,30,23,14,16,39,47,48,49,50,52,51,51,55,54,56,62,71,75,66,59,61,58,55,54,57,57,56,55,54,52,55,56,54,50,54,58,58,64,61,60,63,62,62,62,62,64,66,67,64,63,64,65,66,68,67,66,65,64,66,68,70,70,70,70,71,68,72,73,69,67,67,67,67,67,66,64,63,65,52,51,43,30,23,18,20,20,14,13,42,70,75,77,69,49,27,20,16,11,6,3,18,46,16,11,41,51,37,39,73,97,101,98,99,98,94,90,89,90,98,93,90,71,52,33,15,8,17,78,102,99,102,103,98,96,97,94,87,88,91,95,97,98,97,99,104,101,86,95,102,108,108
192,79,100,90,83,97,100,93,82,92,86,77,73,85,84,76,90,96,96,100,107,99,79,87,96,101,83,83,82,97,120,115,104,90,101,98,94,92,83,81,94,99,92,85,93,90,171,191,190,172,159,118,67,58,87,99,99,95,98,101,97,97,114,107,100,103,110,100,100,101,102,102,102,85,90,94,95,87,96,88,95,123,102,103,139,137,138,126,100,83,67,79,74,69,71,72,71,71,83,78,71,69,74,65,61,61,138,171,159,108,103,136,128,90,53,25,26,22,21,11,42,71,79,82,89,85,86,84,78,84,94,99,101,101,95,87,90,96,103,96,72,40,11,14,20,20,21,24,26,25,41,49,46,220,215,195,140,92,170,129,85,59,65,82,80,83,97,122,102,68,65,84,76,51,33,44,69,78,70,64,68,70,72,70,63,60,72,103,100,78,50,37,22,2,9,22,33,28,46,65,66,66,70,72,71,66,58,55,49,44,31,24,21,12,13,15,16,24,25,26,27,29,34,45,59,55,52,42,47,51,50,49,47,49,50,51,51,52,50,49,47,48,55,62,57,46,44,43,46,53,48,43,41,46,46,45,45,47,48,47,42,32,33,40,53,53,41,38,39,35,35,41,51,70,80,87,79,57,40,40,54,63,66,56,48,52,53,55,57,54,58,65,70,60,55,52,55,54,56,58,56,47,47,47,47,42,44,47,50,53,54,56,58,63,59,59,64,66,65,64,62,64,63,61,59,64,61,59,60,63,63,64,66,62,64,67,70,66,64,65,68,70,69,70,73,66,70,73,72,64,63,62,60,55,68,74,63,51,35,18,28,34,23,16,33,65,71,74,66,35,24,18,13,11,6,5,10,33,26,4,39,55,34,31,63,89,87,90,98,89,86,86,93,86,86,90,82,64,47,32,18,13,11,66,95,97,98,97,92,92,93,94,95,91,94,94,91,89,99,103,94,92,97,95,98,103,102
193,87,96,88,96,111,95,80,79,85,96,83,77,92,86,85,87,90,91,97,106,101,97,94,90,83,85,100,92,106,127,120,99,94,95,91,94,101,94,87,95,86,91,93,85,81,160,186,198,169,157,120,71,57,82,94,100,100,102,106,105,109,120,111,99,112,117,104,100,105,103,101,100,95,98,100,98,90,97,95,83,74,68,84,132,141,144,132,104,85,68,76,77,70,71,75,78,79,78,71,72,117,171,169,154,125,153,181,160,127,119,132,115,71,42,24,27,31,32,22,38,73,79,78,82,86,88,87,82,84,91,96,93,88,80,79,89,96,93,88,86,61,36,13,12,13,16,21,25,25,35,40,36,221,203,186,141,108,170,121,82,52,57,68,68,74,100,129,106,66,63,87,82,56,39,52,76,79,80,79,74,76,77,76,72,68,71,90,92,72,50,37,25,15,19,27,33,29,42,56,58,61,64,64,61,60,51,47,39,29,21,19,18,15,16,17,18,21,22,23,24,27,30,39,50,60,57,47,50,58,58,57,55,62,60,57,56,54,53,53,52,53,58,64,61,53,48,46,51,51,46,41,40,42,43,43,43,49,50,48,43,39,39,46,59,59,49,48,51,49,52,61,72,86,90,89,77,62,44,38,42,54,57,49,42,47,47,48,49,46,48,51,54,56,53,50,51,54,55,54,50,40,40,40,40,35,38,44,49,54,54,55,56,60,58,59,62,67,66,65,64,65,65,63,63,65,62,60,61,62,65,70,74,73,73,71,70,66,64,65,68,71,72,73,74,69,72,74,72,67,66,65,64,66,74,76,64,56,35,18,37,45,32,18,27,55,66,68,56,37,26,20,15,10,6,5,8,35,32,10,37,50,31,25,47,65,64,67,73,74,72,70,72,71,74,84,82,65,47,29,13,6,3,47,78,78,79,77,72,78,80,83,86,86,86,84,78,77,86,93,89,74,85,86,80,82,81
194,86,96,97,105,105,92,87,77,73,95,89,92,99,90,92,87,98,95,93,94,96,105,107,99,95,86,94,91,99,118,121,104,94,88,87,92,95,97,88,96,87,96,106,88,63,160,197,199,169,158,122,74,56,84,98,106,107,107,106,107,114,119,113,99,99,107,99,100,104,103,102,100,94,98,102,102,98,96,94,86,86,85,90,125,146,150,135,102,89,70,71,82,75,75,78,86,91,92,91,82,116,184,198,197,172,147,157,146,139,128,116,92,61,39,25,24,38,53,56,59,72,76,71,73,82,85,85,82,75,79,89,81,62,49,57,73,84,73,68,78,84,68,30,15,14,17,21,25,28,29,28,22,213,187,173,133,138,140,120,66,50,54,58,65,70,106,134,112,70,62,91,86,59,44,56,74,85,93,95,86,72,72,72,74,73,72,79,83,66,51,39,34,29,30,32,33,30,34,39,43,39,43,48,48,51,43,40,33,19,15,20,18,18,18,18,17,16,17,17,19,22,27,38,51,59,61,56,57,72,73,71,70,71,69,64,62,59,59,60,60,57,60,64,65,60,52,49,57,66,60,52,49,47,48,49,51,51,52,51,46,50,46,44,50,46,36,35,38,34,40,51,58,59,59,51,40,34,24,23,23,28,37,38,39,36,36,36,36,29,33,42,49,51,51,50,48,48,50,49,45,38,38,38,38,40,43,49,54,54,54,54,53,55,57,58,59,56,56,56,57,64,65,65,65,64,60,58,59,59,63,71,78,81,78,72,67,71,69,69,73,71,74,75,71,69,71,72,69,67,66,65,63,72,76,74,62,53,30,13,36,38,29,19,27,58,81,79,60,37,25,20,15,8,7,6,4,25,31,13,31,37,25,17,25,35,37,39,41,47,51,58,62,58,63,76,76,68,50,32,16,7,4,30,63,67,67,64,58,61,63,66,69,70,70,66,59,60,67,74,74,63,76,77,67,66,66
195,94,93,93,106,91,87,98,89,83,88,87,97,101,95,88,94,103,98,93,93,87,86,99,94,104,83,80,79,94,101,108,104,88,84,90,87,82,97,96,110,97,91,100,92,68,166,201,196,174,161,122,71,56,94,115,116,111,106,99,98,100,106,109,101,93,101,94,95,99,100,103,105,110,111,108,103,90,99,86,72,76,83,86,117,126,138,135,106,92,71,67,87,86,81,80,88,92,87,88,78,66,95,133,160,158,116,92,107,127,120,95,71,54,41,34,33,40,66,82,74,65,70,68,71,73,76,77,75,58,62,80,71,43,24,34,53,70,73,80,84,89,86,61,33,27,27,27,28,34,28,21,13,194,178,167,115,145,75,51,37,43,47,50,67,79,111,131,115,78,64,94,85,58,41,47,57,65,69,71,67,55,53,55,61,69,77,81,81,77,70,59,59,59,60,62,63,59,55,53,58,56,57,56,52,44,39,42,40,25,24,29,24,17,16,14,14,11,12,13,15,22,22,27,34,52,59,63,67,71,71,70,68,66,66,65,65,63,64,65,67,58,58,61,64,63,52,48,59,70,61,46,37,47,48,50,54,54,55,53,48,52,49,49,56,56,43,38,37,34,41,48,49,41,40,37,33,25,22,25,21,18,26,27,27,28,27,25,24,29,34,43,50,51,53,53,49,38,42,46,45,47,47,47,47,46,47,48,50,55,54,52,51,51,55,58,56,51,52,53,54,60,61,63,64,59,56,53,55,55,59,65,70,75,72,67,63,64,62,62,66,67,72,73,65,66,67,67,63,59,59,57,56,65,68,66,59,53,35,18,32,25,20,13,20,53,85,81,56,33,22,16,11,7,7,7,1,18,35,25,38,36,32,27,26,37,41,44,41,43,51,60,63,62,64,70,65,58,42,29,17,7,4,15,49,64,64,59,52,56,55,54,53,51,53,52,48,52,54,56,56,59,66,62,58,60,59
196,104,84,90,97,86,88,103,107,96,88,81,97,91,93,84,99,90,99,98,99,92,93,97,102,108,88,79,83,93,96,99,98,95,87,93,96,88,107,102,121,105,86,81,93,87,162,202,193,179,158,119,77,52,101,117,126,122,107,99,97,91,94,97,92,92,106,98,100,107,99,108,103,112,106,84,64,53,61,53,31,36,54,75,109,118,126,145,114,98,81,59,96,91,88,85,83,87,59,51,46,27,50,107,116,103,58,65,93,111,101,80,60,40,30,29,35,37,65,87,77,68,65,68,79,76,66,71,72,65,68,83,80,64,66,61,65,75,90,120,111,99,91,88,60,49,46,39,34,27,20,17,24,185,182,155,101,132,64,56,44,44,42,38,63,88,103,112,102,79,72,87,80,56,47,40,45,41,42,44,44,50,56,63,66,75,79,79,72,69,75,72,69,66,82,90,91,88,83,79,82,81,81,79,76,58,52,52,47,43,40,39,28,22,16,9,8,11,8,8,15,19,17,17,16,22,31,46,55,64,63,59,55,55,56,58,59,59,59,59,59,56,53,53,59,54,51,51,56,60,51,36,27,37,36,38,48,47,48,50,52,44,48,57,63,61,55,46,39,40,48,54,50,39,44,45,41,29,33,35,31,26,26,28,29,23,21,21,23,33,46,54,48,44,51,54,48,45,46,48,50,51,54,56,55,49,42,41,48,57,58,58,54,58,58,58,59,58,63,65,62,69,64,60,60,52,50,51,57,66,63,60,61,60,62,62,58,53,55,58,57,65,65,65,65,70,66,62,60,51,58,57,44,50,56,63,63,62,47,32,33,26,22,16,12,45,58,61,53,34,15,17,13,7,7,1,6,18,48,41,49,48,52,55,54,63,63,59,51,49,55,56,60,58,64,61,57,43,28,18,12,6,4,5,35,56,61,63,58,59,57,54,52,47,49,51,53,57,66,53,52,62,53,50,60,56,57
197,88,69,72,84,86,83,91,100,82,104,95,91,92,87,88,90,103,102,94,101,100,96,96,102,123,98,88,100,99,96,102,98,87,97,101,101,100,109,99,109,115,94,75,94,89,158,203,195,171,154,118,78,55,98,114,114,122,109,101,97,91,89,89,91,100,113,108,107,105,103,108,97,102,94,61,34,23,19,15,7,15,15,38,101,118,125,141,116,94,82,65,95,96,99,95,81,71,46,23,13,21,77,117,108,65,61,89,105,99,86,63,43,35,26,25,28,28,57,85,86,79,84,90,92,92,82,79,76,71,81,85,85,85,95,96,93,101,113,135,126,108,104,106,86,58,53,42,27,24,21,18,15,117,173,147,133,127,55,47,42,37,38,39,69,92,93,91,85,71,78,85,84,79,67,56,57,60,58,62,71,82,82,78,72,61,55,46,41,52,56,49,43,52,68,80,87,97,92,87,86,90,89,88,88,90,84,86,83,71,58,49,40,29,24,20,20,15,12,9,11,17,16,15,14,12,22,38,48,54,54,52,49,56,57,58,59,56,56,56,56,55,53,53,56,54,53,52,54,51,46,42,41,34,33,35,41,46,46,45,44,36,40,45,50,53,49,41,35,33,39,43,40,38,41,42,39,37,39,40,37,38,39,40,42,32,27,29,39,61,70,71,56,31,40,49,50,51,51,50,49,49,53,56,54,54,48,44,47,53,48,45,49,54,56,60,63,63,67,69,68,68,65,61,62,60,60,64,70,70,65,59,57,58,61,63,61,62,61,61,60,61,63,66,68,69,68,66,64,61,65,61,47,50,57,65,68,63,51,39,40,28,23,17,15,21,34,45,40,34,16,17,17,20,18,5,2,23,51,46,50,59,63,67,67,61,63,62,58,50,55,53,56,70,74,65,53,44,28,17,11,6,1,2,36,69,67,66,68,75,74,71,69,68,65,61,57,70,77,68,68,76,65,57,60,60,60
198,88,77,77,84,91,87,83,87,102,116,113,75,89,92,75,70,67,67,70,94,101,99,96,95,104,95,94,94,90,89,98,97,83,101,104,104,97,95,94,101,109,107,93,91,94,152,203,199,170,157,124,82,54,91,120,113,118,108,102,95,89,88,83,89,103,114,115,110,90,90,88,79,63,72,55,46,32,13,7,5,11,12,13,90,114,120,131,118,103,91,73,81,83,97,103,90,79,59,17,19,75,115,124,78,67,90,111,104,86,70,47,33,28,21,20,19,20,46,77,87,95,105,111,107,106,102,93,90,81,90,87,89,98,96,90,97,109,116,124,117,106,109,113,105,85,61,30,14,10,13,16,15,48,164,163,131,125,48,34,29,40,40,39,66,93,82,72,72,78,90,83,78,78,69,62,66,72,72,78,89,100,92,75,57,40,34,29,31,46,53,51,49,49,58,60,63,80,82,84,85,88,86,87,92,101,111,121,107,90,73,61,54,48,46,46,48,45,43,40,36,36,35,34,33,34,39,46,48,50,51,52,53,55,55,55,54,55,55,55,55,56,56,56,55,54,56,57,57,57,53,50,50,49,50,51,51,50,49,46,45,48,49,50,52,53,50,46,42,48,50,52,51,51,50,50,51,52,50,48,47,47,47,49,50,50,52,65,84,92,87,71,52,44,47,51,52,57,56,53,52,49,53,57,58,59,56,51,50,46,39,36,44,54,57,62,66,62,63,65,69,60,59,61,66,70,72,75,77,72,66,59,56,56,61,65,65,69,65,63,66,69,68,64,61,67,70,73,70,64,68,69,65,67,66,64,64,60,54,48,48,43,35,29,32,43,48,56,45,33,19,16,23,41,37,18,4,24,50,53,54,51,56,61,62,58,62,64,62,57,60,54,53,59,69,64,53,42,25,13,5,4,2,1,29,74,69,67,72,75,74,73,73,70,69,69,68,64,67,65,67,68,64,62,66,63,59
199,89,91,86,78,78,90,93,94,104,107,96,55,74,102,102,76,61,64,67,86,105,113,112,95,95,91,94,92,94,104,96,93,91,91,97,98,105,94,100,106,104,109,114,95,99,147,203,202,168,155,121,73,51,82,117,101,112,104,99,89,83,94,88,88,96,105,110,102,78,73,66,72,47,61,41,34,25,4,4,2,13,8,20,77,108,112,118,115,106,95,81,74,72,86,97,94,93,75,27,59,123,132,106,90,104,112,99,85,69,54,35,28,26,21,20,15,21,39,64,76,89,94,98,96,99,104,99,102,98,94,96,96,91,85,73,76,95,97,94,88,88,94,96,94,89,74,46,22,10,6,6,13,15,188,166,115,110,38,30,28,37,38,39,68,86,80,75,78,85,91,87,79,74,63,55,59,60,69,77,77,70,68,61,51,46,50,52,52,56,63,61,60,63,65,59,59,66,71,76,76,70,66,68,78,83,88,98,92,74,68,67,59,56,57,60,66,64,66,66,61,59,58,57,56,58,60,63,62,61,63,66,69,65,64,62,61,58,58,58,58,60,62,63,58,51,58,66,68,66,63,61,62,68,71,70,65,58,58,59,60,67,66,64,63,67,65,63,61,61,60,59,60,61,58,57,60,64,59,55,56,54,55,56,57,62,71,84,90,81,64,48,48,54,53,52,53,56,57,58,58,52,57,63,64,58,58,58,57,54,54,56,58,59,60,62,63,64,63,66,73,66,61,54,52,59,61,60,54,54,49,45,45,54,60,67,69,66,62,63,73,71,69,64,60,65,73,79,75,72,74,76,75,76,70,65,65,69,67,66,67,66,56,50,56,62,59,66,48,32,21,16,28,57,54,33,14,15,43,56,58,47,53,59,62,58,61,61,58,54,54,45,41,53,68,68,57,50,33,19,11,2,8,6,16,61,63,64,62,62,62,62,62,57,59,62,64,59,59,64,66,66,67,71,76,72,62
200,100,115,98,100,83,89,104,108,103,106,95,82,99,103,111,97,82,85,83,89,97,102,106,87,100,91,96,107,112,113,98,99,97,88,85,94,108,110,102,107,105,104,103,104,101,143,201,203,170,145,113,67,53,71,107,91,92,106,102,93,74,86,105,97,96,102,114,91,70,64,53,68,34,40,41,17,8,5,3,3,3,7,10,69,104,117,114,120,102,105,79,69,83,73,99,108,97,88,67,88,133,117,97,119,118,99,79,62,53,38,37,18,18,23,25,22,22,40,47,51,66,60,55,56,67,64,62,72,68,69,65,71,79,72,64,60,74,71,69,68,71,72,73,73,79,78,75,50,26,12,8,11,10,176,140,121,77,68,52,19,27,32,35,76,77,82,86,83,78,82,89,95,87,76,64,64,64,70,74,71,70,64,60,63,69,72,72,66,63,59,54,54,55,61,63,59,62,57,54,57,51,57,63,66,65,61,58,59,63,65,65,62,58,59,60,61,61,63,64,61,65,55,57,62,69,72,75,74,76,72,71,79,82,78,73,72,66,57,52,57,64,65,66,64,66,68,70,73,73,67,70,73,73,68,70,69,64,60,58,63,67,64,64,69,71,71,70,70,62,56,53,56,61,64,66,65,59,56,57,64,67,61,60,70,67,65,66,56,37,30,31,45,58,57,56,56,57,58,59,61,62,59,58,61,63,64,66,67,63,66,69,72,70,67,63,64,61,63,67,70,75,69,59,50,48,46,44,45,40,37,39,48,57,59,65,72,73,70,70,76,76,75,70,74,79,77,88,87,84,78,73,75,78,69,72,78,81,77,73,74,73,69,68,72,69,71,63,44,31,23,25,36,51,53,32,27,13,50,71,59,54,56,59,62,54,53,53,57,56,58,53,54,72,71,70,67,62,58,44,28,9,10,12,13,45,54,60,58,61,58,64,65,56,56,56,57,62,63,72,76,66,71,71,75,76,56
201,98,95,104,103,103,97,86,94,107,98,89,104,111,105,113,104,90,100,101,99,91,98,95,86,94,85,92,103,109,110,100,103,98,91,84,83,95,101,102,109,102,98,95,96,96,152,196,207,163,150,113,64,51,69,99,96,93,107,111,105,91,96,108,110,112,115,118,85,69,63,50,59,23,36,46,24,9,9,8,7,9,4,9,41,101,112,114,123,104,106,86,69,79,78,101,111,113,100,88,93,94,87,85,113,92,76,62,48,39,39,42,36,51,54,56,55,59,67,63,57,56,56,60,67,69,65,64,69,76,76,69,70,81,83,81,73,69,71,74,76,78,79,80,82,86,88,93,90,53,36,23,14,13,130,162,132,74,94,40,32,33,34,49,83,87,88,86,81,76,79,83,87,88,81,75,77,77,81,80,73,74,74,72,68,65,69,72,73,60,56,53,53,54,58,60,55,49,49,52,58,59,62,64,63,62,59,57,59,61,62,62,58,53,54,55,56,51,56,60,62,67,56,56,59,65,67,70,69,70,74,75,73,75,73,68,66,58,52,50,54,63,59,60,66,71,72,75,77,77,70,72,73,68,65,68,68,64,58,54,57,60,60,62,67,71,71,71,71,72,64,57,58,65,68,70,69,66,63,61,62,59,62,68,74,61,49,41,33,32,23,26,49,64,66,69,72,64,64,63,63,65,62,61,64,68,68,69,70,75,75,75,76,69,67,67,70,65,65,65,66,68,69,70,70,68,69,69,70,66,62,63,71,68,71,76,80,74,75,78,85,86,86,78,78,82,82,89,87,83,80,78,80,78,72,76,78,79,74,69,67,71,70,71,75,75,69,59,53,44,35,30,31,50,36,32,14,17,58,74,66,65,65,65,66,54,55,59,65,74,75,67,63,75,46,63,83,86,79,62,43,20,26,26,17,27,46,52,52,60,68,78,70,55,57,61,64,67,66,72,70,63,71,71,71,78,61
202,83,83,114,100,93,81,54,61,97,98,93,103,100,100,105,102,94,107,110,105,107,106,101,101,97,91,102,118,122,111,95,98,115,99,87,93,96,99,102,98,98,90,83,85,85,181,213,203,154,153,103,57,53,66,80,93,95,90,91,99,104,101,99,102,105,108,107,66,57,51,31,27,12,23,35,20,22,25,27,24,30,24,24,25,100,105,113,124,103,104,96,66,94,104,107,109,114,101,101,95,82,76,82,99,83,71,65,59,51,60,68,69,79,80,82,86,89,89,87,77,82,85,89,92,92,90,96,94,92,94,86,81,84,92,97,91,83,88,91,90,92,94,97,99,93,95,94,100,78,50,31,32,26,52,176,161,119,78,51,41,33,43,70,98,98,94,88,85,77,77,77,77,78,76,76,78,85,86,81,70,64,69,71,66,64,78,86,75,59,56,54,55,62,66,66,60,44,48,54,58,55,56,56,53,51,50,51,55,60,61,59,54,44,45,46,47,50,56,63,67,61,50,50,53,60,62,65,64,63,71,74,64,67,68,64,58,51,51,51,56,64,58,56,65,70,71,74,76,78,70,69,68,64,61,67,70,65,61,61,67,65,67,69,69,70,71,73,74,73,65,56,56,61,64,67,65,65,64,60,56,57,65,75,81,68,54,46,42,29,21,28,52,65,64,63,63,65,65,64,64,71,69,68,70,76,76,76,75,78,78,77,76,75,74,75,80,79,79,78,77,77,81,89,95,86,91,96,96,93,84,76,76,77,81,84,83,78,82,89,93,96,98,90,86,88,91,90,87,86,86,86,84,85,85,90,84,76,72,68,68,75,76,77,76,71,75,82,89,89,76,60,45,62,43,45,18,14,52,68,64,69,69,68,67,61,62,67,75,75,78,68,58,58,43,76,91,83,75,56,37,33,40,39,24,19,44,59,62,61,62,71,71,60,63,68,72,66,66,69,60,68,82,83,75,80,76
203,68,73,85,84,95,89,81,77,84,86,73,58,65,91,86,84,104,110,110,112,118,99,104,101,105,94,97,106,110,117,112,92,104,104,104,106,101,100,105,91,99,87,76,79,81,195,213,184,150,149,85,50,55,68,77,111,104,94,93,88,107,112,108,112,117,115,102,48,31,33,20,15,21,18,24,20,29,36,40,35,45,51,41,29,106,103,112,119,99,99,100,59,79,99,91,90,104,100,104,108,107,98,101,102,95,87,89,88,85,81,91,86,90,89,91,99,98,95,98,89,84,89,93,92,97,98,115,110,94,100,95,89,87,91,97,102,102,104,100,89,77,79,84,87,87,93,83,79,69,58,59,66,68,69,161,142,130,105,77,51,44,67,81,96,88,82,77,78,81,79,75,73,72,72,72,71,75,76,72,62,53,55,61,69,75,76,71,62,61,58,57,60,65,68,67,60,58,61,60,55,49,52,54,52,53,53,56,62,63,63,60,54,50,51,52,53,48,53,58,60,61,53,57,64,59,61,64,63,59,62,62,56,63,67,64,56,52,56,60,64,67,65,63,61,60,62,64,66,73,65,61,58,63,62,71,76,75,68,62,64,71,72,69,62,70,71,74,77,72,65,60,63,62,65,68,66,66,69,68,63,68,68,73,84,89,78,66,50,30,31,39,52,59,61,65,68,67,69,73,76,78,76,75,77,83,82,81,80,79,81,83,85,90,87,85,87,86,87,90,91,91,91,91,92,84,93,102,100,91,83,75,76,88,93,95,89,83,88,93,92,95,102,98,94,92,99,92,88,94,95,91,83,84,88,94,83,75,74,76,81,85,86,82,74,74,103,128,124,119,104,79,48,84,85,71,51,18,40,68,65,59,60,62,64,72,71,73,78,74,81,74,63,65,83,87,72,66,58,43,27,38,39,37,31,21,38,72,75,71,74,85,84,70,71,73,74,70,73,78,67,68,87,89,75,73,78
204,75,69,64,70,71,65,64,64,51,54,51,24,50,72,84,93,105,88,87,90,103,92,95,100,114,94,83,88,103,119,129,82,69,115,125,111,100,91,104,94,96,88,83,91,82,188,199,174,147,133,86,52,53,65,98,127,117,103,105,104,108,96,104,123,129,115,113,61,51,51,54,61,79,54,35,22,32,38,55,51,60,74,66,57,107,103,106,106,94,95,88,59,42,59,51,62,81,81,96,105,106,104,112,105,97,97,102,99,112,104,103,99,95,99,101,102,102,97,103,100,84,84,96,93,91,89,114,113,102,104,108,95,87,86,85,92,100,101,94,91,84,83,77,81,86,93,88,82,70,72,88,89,77,79,96,164,134,112,99,65,70,85,80,78,79,69,63,70,75,75,77,78,73,72,69,68,70,71,62,58,57,53,67,78,75,67,64,54,57,58,60,61,66,68,63,50,55,75,70,48,47,57,62,67,70,68,69,72,71,68,63,59,56,61,67,69,69,61,65,64,67,67,68,69,64,63,62,64,59,61,64,67,72,75,72,63,60,65,69,70,77,80,75,70,76,78,79,81,78,76,73,71,66,71,71,83,87,84,78,74,80,73,67,69,79,88,81,75,78,71,73,75,79,76,78,86,85,82,80,82,86,83,82,88,102,101,94,82,62,64,68,70,83,96,88,76,77,84,92,96,100,91,96,99,95,91,88,88,94,95,94,104,103,101,99,97,98,93,92,98,97,95,91,87,80,86,92,91,83,86,87,86,96,106,99,94,95,97,96,93,97,104,102,101,105,104,93,89,93,99,95,86,85,88,87,78,75,83,82,89,103,114,106,87,89,127,132,124,111,97,70,20,82,102,87,70,38,38,84,83,73,86,73,66,83,79,75,75,74,87,89,83,85,103,77,57,72,62,52,36,35,37,55,45,43,30,66,85,80,89,91,82,79,71,75,72,82,84,87,74,66,80,76,67,68,67
205,94,94,79,88,69,99,64,44,36,86,85,57,68,79,84,103,122,104,91,86,83,81,90,90,102,93,86,90,92,110,122,85,67,104,120,111,102,98,107,102,99,91,92,109,101,178,204,175,149,125,68,49,50,60,104,125,109,99,96,97,100,94,91,122,126,103,118,95,103,93,89,98,104,81,59,51,34,47,61,51,43,50,59,54,91,109,106,100,91,92,87,62,51,51,41,44,53,62,83,91,93,98,108,107,107,108,106,103,114,111,111,101,97,102,107,109,107,107,108,99,89,92,100,96,102,99,105,102,107,104,104,93,74,74,89,93,91,90,90,90,94,91,82,85,97,96,89,95,96,97,105,105,98,84,65,203,155,125,96,70,71,83,71,73,68,68,67,66,76,80,87,93,90,88,83,79,76,78,71,69,67,77,91,86,80,77,82,82,83,78,70,63,63,65,63,55,57,61,68,65,73,71,62,65,74,79,82,79,76,74,71,68,67,68,69,70,64,61,66,68,70,71,72,74,74,75,78,80,69,72,76,79,73,71,70,72,76,81,85,87,90,94,88,83,88,95,97,89,86,84,81,78,80,88,86,81,80,82,86,89,82,73,73,89,102,106,100,95,95,88,91,92,94,88,84,88,93,98,103,100,98,98,100,105,117,116,111,104,92,91,90,89,100,109,106,97,93,90,91,97,103,95,98,107,101,97,93,94,107,106,101,107,107,111,112,107,100,97,98,106,104,101,95,90,87,89,91,89,91,92,93,95,98,102,97,94,95,99,102,101,105,105,89,77,93,101,99,94,100,107,110,102,89,89,87,85,92,92,87,92,106,111,104,99,106,127,117,110,106,95,67,7,71,103,82,69,38,39,106,107,99,99,81,76,90,88,80,72,75,90,96,95,90,83,73,85,95,86,79,65,48,27,47,72,67,55,54,55,71,73,76,78,76,75,84,90,90,86,85,73,75,89,88,74,64,64
206,70,76,72,118,104,111,83,88,93,106,90,76,68,70,70,97,117,105,92,92,79,81,92,91,90,98,94,92,90,88,95,103,100,98,100,97,88,107,112,97,79,88,97,97,112,187,198,173,145,116,61,42,52,57,99,111,102,99,86,92,103,96,109,133,137,92,121,100,100,99,95,90,95,97,92,92,76,66,47,36,17,17,38,34,74,110,102,93,86,86,84,66,59,45,23,18,12,14,74,98,85,96,103,104,106,109,101,99,104,102,105,98,92,97,102,104,100,110,107,90,83,93,102,103,101,111,120,114,117,108,105,101,82,81,102,103,82,78,85,86,92,103,99,89,93,100,97,94,105,107,109,113,108,100,74,218,161,144,104,69,68,82,70,87,87,93,98,94,92,96,104,111,105,103,98,94,95,95,85,79,95,95,94,98,93,89,97,104,114,106,93,81,73,74,73,70,61,50,60,71,68,60,45,46,59,67,72,65,67,67,66,66,67,62,60,61,61,64,66,70,72,73,76,79,75,81,89,92,79,80,81,82,77,71,72,84,96,100,104,106,106,109,104,99,104,114,118,106,106,100,89,80,85,101,104,95,94,92,88,84,80,67,65,83,103,103,106,109,96,90,92,94,93,88,87,93,101,110,117,113,104,106,108,108,110,107,102,99,88,89,92,94,92,95,99,96,93,84,80,86,91,91,91,98,97,93,90,90,98,99,98,107,106,111,115,113,111,108,109,117,114,112,108,104,103,102,101,101,105,103,105,111,107,103,101,100,107,108,106,101,101,101,87,75,90,99,99,97,102,104,108,91,71,77,87,93,98,97,100,103,95,93,82,80,106,118,106,109,105,96,69,10,69,104,80,68,38,35,104,103,93,89,81,83,93,91,86,80,83,97,99,94,89,82,88,97,100,94,90,80,71,25,23,73,83,78,50,42,55,56,65,81,82,83,86,93,88,82,85,85,81,85,85,73,63,63
207,79,83,69,92,90,84,82,80,88,91,85,83,86,82,70,84,96,93,84,92,94,87,92,95,94,112,102,88,82,94,101,98,98,94,106,95,85,103,92,83,70,87,103,101,121,195,194,170,142,88,42,30,39,48,83,105,104,106,84,95,118,97,91,112,126,85,89,89,92,92,89,84,91,117,118,97,89,86,77,85,71,73,85,78,86,114,111,104,83,82,82,69,57,46,9,3,5,6,59,96,94,104,100,96,100,108,98,101,97,89,95,103,94,96,98,95,93,113,111,91,95,108,107,107,107,101,122,131,113,101,100,105,103,101,103,107,97,88,97,95,93,101,99,99,106,108,100,95,96,95,83,84,94,88,84,223,160,149,98,68,67,81,64,92,95,99,104,106,103,104,104,105,102,102,102,102,101,104,98,98,106,97,83,94,108,95,92,94,95,92,87,82,83,80,77,75,65,57,49,55,57,61,57,58,54,55,56,57,56,57,59,61,61,55,53,59,64,70,66,67,70,72,76,80,88,99,112,115,108,105,99,93,83,81,83,90,101,106,110,112,111,114,109,103,98,103,108,108,109,104,95,87,93,106,109,107,104,103,101,99,96,89,89,99,103,93,96,99,99,92,94,96,99,94,90,95,103,103,104,104,108,110,107,100,101,93,84,81,93,94,96,97,92,91,101,102,93,92,91,91,83,97,94,86,95,91,87,87,93,94,91,100,99,96,98,107,112,106,103,107,106,107,109,110,108,106,107,112,116,113,114,124,121,111,111,112,108,109,107,101,99,105,100,97,105,101,91,93,86,87,95,74,65,82,96,93,98,104,114,102,95,98,91,87,97,114,108,114,113,102,81,39,81,104,84,66,30,25,79,88,86,88,92,92,91,79,68,69,77,91,94,90,82,94,102,99,98,94,94,86,84,43,10,57,93,87,61,54,61,64,70,78,76,80,77,86,78,68,69,76,75,62,59,58,51,52
208,109,108,88,103,101,83,98,101,92,82,92,91,89,104,90,88,95,96,93,80,99,86,82,70,87,101,104,99,97,114,101,89,96,89,97,103,96,97,76,74,55,65,89,87,135,207,168,170,116,58,19,16,30,43,66,113,108,99,85,93,105,95,75,71,90,91,80,77,90,103,93,96,91,111,113,91,88,89,91,93,99,97,95,93,92,123,129,120,64,75,80,73,55,52,26,23,27,39,54,78,82,101,95,86,84,97,94,91,72,92,100,122,103,98,99,92,96,120,125,104,114,115,109,101,99,100,110,126,121,105,93,97,107,111,107,107,115,107,113,113,105,101,104,111,121,114,103,94,93,88,79,70,82,96,91,231,169,136,105,65,65,80,69,89,101,99,109,118,123,123,112,107,100,100,104,111,107,111,109,112,104,90,81,91,106,98,85,73,65,77,71,73,82,83,81,75,72,66,56,47,62,63,66,67,62,61,61,62,60,50,63,68,65,76,68,64,64,63,70,73,77,73,74,81,87,97,100,100,95,84,76,65,62,77,93,98,97,103,106,105,92,97,100,93,90,98,92,94,94,94,93,94,99,108,113,108,98,92,93,107,109,100,99,112,106,106,108,111,107,101,100,100,96,92,92,91,102,105,87,84,103,112,110,103,106,97,86,82,91,86,90,89,86,88,101,105,98,98,92,95,94,134,122,86,86,90,81,87,95,92,93,100,99,90,98,103,101,102,90,90,102,102,106,103,95,100,101,111,111,111,114,121,130,122,116,117,103,105,98,105,97,111,107,99,106,93,87,100,95,101,107,98,102,116,105,99,100,111,117,98,93,101,108,95,105,125,116,113,112,103,88,66,99,96,83,56,35,15,30,39,61,59,58,60,62,48,47,46,46,64,73,72,69,96,105,97,95,102,101,86,77,68,22,51,89,97,67,50,75,81,84,78,80,61,74,65,58,64,57,60,56,50,57,53,49,49
209,92,96,100,126,114,105,95,111,87,86,89,90,80,89,95,94,98,86,76,76,102,103,98,82,94,98,101,91,99,121,120,101,98,104,95,93,94,85,77,75,48,55,71,75,158,199,146,145,106,49,11,9,28,49,58,114,94,97,85,67,71,78,76,75,96,96,90,85,99,95,94,89,64,63,80,87,89,86,81,77,89,85,83,86,92,125,122,114,85,70,76,68,43,52,64,90,71,70,70,91,91,84,83,86,86,86,83,64,55,87,101,112,102,97,97,89,98,114,115,101,112,105,100,102,95,102,110,114,125,115,106,101,116,116,105,100,113,109,112,111,110,107,104,106,111,109,101,88,101,95,90,91,90,98,98,230,167,137,90,59,68,76,70,101,105,101,109,115,110,114,109,109,110,111,115,122,127,119,109,118,113,103,94,97,99,99,90,71,76,82,93,89,81,82,81,76,70,71,74,76,72,74,77,80,82,78,75,76,73,65,74,78,73,79,77,80,60,59,65,64,66,72,79,83,77,86,85,81,81,76,73,62,74,82,90,90,93,93,92,87,82,79,78,80,87,93,80,78,81,92,105,109,112,113,113,114,104,101,107,122,129,113,104,117,119,115,113,117,107,106,104,101,104,100,95,95,103,93,73,82,106,105,95,94,107,104,92,74,58,41,51,86,93,90,96,97,92,93,92,101,122,141,105,84,94,98,86,87,100,99,101,105,107,107,102,104,104,101,91,92,97,106,106,93,86,98,107,116,117,107,103,113,127,116,104,101,100,104,98,93,90,100,103,102,97,88,86,98,99,98,100,105,106,117,109,102,111,115,114,106,96,95,87,111,148,152,116,114,116,90,67,72,89,80,66,39,23,35,46,37,53,53,53,53,56,68,74,75,76,81,77,78,77,91,100,104,107,110,104,90,83,76,37,42,87,100,72,53,75,92,100,85,63,61,62,43,52,56,54,60,56,65,48,57,57,52
210,105,125,110,108,90,75,68,84,83,86,85,87,90,78,85,90,98,82,72,81,89,96,100,87,99,103,103,92,90,97,107,100,106,108,113,105,105,111,98,104,88,93,95,89,165,175,126,132,102,47,12,12,30,54,50,110,98,110,100,70,63,66,71,92,97,100,99,86,84,90,89,86,83,64,78,99,105,96,81,68,79,88,93,87,96,131,113,107,98,77,82,52,37,37,58,123,114,103,89,102,101,99,87,97,101,98,100,79,81,99,92,89,95,88,87,78,91,93,88,84,99,101,100,96,96,107,114,109,111,109,110,111,111,110,96,89,103,107,105,101,104,107,97,92,105,106,103,96,98,94,92,95,91,95,111,217,163,151,96,52,69,76,64,113,132,121,117,113,107,113,111,113,122,118,116,117,118,117,107,105,110,114,118,117,120,112,104,101,95,93,112,109,95,97,97,94,82,85,91,96,91,93,97,101,106,99,95,99,96,91,93,95,99,92,88,93,91,94,101,97,80,87,94,93,81,76,65,72,84,93,107,100,100,101,101,100,98,97,97,97,97,81,62,58,61,72,68,73,82,92,104,107,111,110,110,116,112,111,115,124,128,130,130,126,115,94,77,82,100,97,90,103,118,114,101,103,118,101,85,97,105,98,85,88,101,94,85,81,75,61,70,96,99,93,99,104,100,98,97,111,120,105,92,101,111,118,106,103,105,108,111,112,113,118,107,102,97,100,105,105,106,109,102,102,107,110,104,101,109,99,97,113,141,126,107,97,100,104,105,93,109,104,102,101,99,96,97,102,102,94,82,91,107,113,108,100,93,88,123,144,133,127,128,135,159,158,113,100,97,89,78,92,77,65,67,54,51,82,94,85,91,94,95,92,97,100,92,95,108,102,89,90,90,90,97,108,108,108,106,104,98,93,71,51,82,102,78,53,53,67,69,51,43,42,37,37,54,65,68,55,44,77,59,71,67,75
211,108,105,106,115,96,88,74,92,98,91,99,98,95,96,100,95,92,93,96,96,89,81,105,105,117,123,90,64,77,81,103,96,99,110,118,107,109,106,108,116,111,100,91,111,164,159,122,129,99,44,12,14,38,53,49,101,100,104,98,91,83,86,88,107,85,100,120,106,96,96,101,95,101,92,91,102,100,96,88,82,89,90,94,99,107,142,107,100,109,87,77,39,35,37,37,102,127,122,109,113,95,103,99,95,87,93,87,75,70,101,109,110,112,105,102,92,105,95,85,91,104,102,97,93,94,101,107,107,83,77,79,90,101,104,97,94,104,114,109,102,99,109,97,92,96,93,96,105,108,110,105,93,92,102,136,211,168,149,95,46,66,82,51,113,140,129,123,117,111,113,105,102,119,118,118,122,120,119,110,112,110,123,133,127,118,115,115,121,111,103,111,115,109,112,113,110,105,107,111,114,106,109,115,119,114,107,106,117,115,113,109,110,115,98,97,106,98,106,119,116,108,102,97,95,87,89,87,92,91,106,125,116,95,96,100,105,107,102,99,100,103,93,80,76,73,81,72,73,85,83,85,93,102,111,120,123,117,113,106,103,109,114,110,94,95,95,88,77,80,94,95,107,116,113,92,96,113,109,105,101,100,98,90,92,100,98,96,95,90,91,106,117,118,108,109,114,120,112,102,112,130,104,88,89,100,111,104,101,107,112,116,115,109,107,106,98,84,97,111,93,92,104,103,113,120,112,98,100,104,100,101,109,124,115,106,105,106,105,117,117,136,118,111,110,103,104,102,98,98,95,77,85,100,102,101,92,83,92,119,142,151,143,133,132,144,126,97,96,85,96,91,97,78,63,78,77,90,90,88,94,99,105,107,101,99,95,96,96,97,97,89,88,101,94,101,104,107,102,100,104,103,95,91,66,74,100,80,51,36,32,32,35,45,42,46,51,74,74,78,70,71,78,66,79,115,152
212,86,99,122,107,116,107,97,101,95,91,106,93,82,73,90,78,57,72,89,89,83,92,104,109,89,89,77,87,87,92,103,109,91,106,105,91,102,105,99,86,106,112,101,108,120,90,98,128,109,48,3,14,41,51,49,102,106,105,97,99,112,102,116,111,88,105,97,103,124,109,112,104,96,89,95,101,89,89,92,80,74,75,68,80,88,138,123,112,102,85,70,35,35,39,35,71,107,116,116,101,91,69,91,74,75,85,87,82,62,85,85,84,109,105,90,90,77,84,75,89,98,80,72,92,82,80,82,88,62,64,58,62,68,64,78,83,86,92,95,91,88,98,99,91,80,71,85,100,104,106,107,99,88,102,180,203,181,138,89,49,60,79,43,135,138,131,117,125,132,96,72,84,109,86,103,119,125,123,117,111,109,112,121,117,109,123,120,114,119,113,111,111,103,97,102,105,98,99,109,117,112,111,117,125,117,110,106,113,117,122,115,107,106,85,83,103,93,112,127,125,127,104,100,97,100,106,96,88,88,105,115,104,95,98,100,101,113,103,97,101,98,97,94,89,80,82,70,70,77,87,93,90,92,94,102,116,110,110,104,93,97,105,98,95,102,118,107,82,84,104,101,148,127,83,93,93,107,100,100,96,100,103,103,96,95,102,109,110,107,112,107,116,114,104,93,77,87,85,85,97,116,102,93,88,103,106,97,101,104,105,109,112,109,120,121,110,93,105,105,72,77,100,110,107,104,96,92,111,100,108,116,103,94,94,98,104,99,102,108,114,116,121,122,114,116,125,119,108,93,111,95,97,105,104,95,94,95,99,98,103,116,103,73,105,121,65,57,77,83,81,82,87,93,96,95,96,104,98,100,115,108,106,101,103,106,104,97,90,97,105,96,89,88,104,107,98,101,97,95,101,101,85,85,76,75,94,79,61,46,58,60,68,87,71,84,88,82,67,69,85,88,70,76,110,150,153
213,78,74,84,76,96,88,83,87,83,88,91,85,79,79,87,86,56,63,73,81,81,84,84,76,77,72,63,82,81,85,100,101,95,96,116,103,121,105,88,80,90,104,108,103,60,56,94,129,139,77,28,32,42,42,52,90,105,103,107,108,110,111,112,110,105,114,99,97,105,96,93,99,94,99,106,94,96,94,94,81,80,84,61,63,73,135,113,111,91,69,63,43,39,32,38,40,79,78,72,63,54,58,67,67,80,78,78,80,85,84,68,82,102,97,93,97,82,84,85,86,94,79,69,76,78,84,87,81,79,73,70,90,47,39,62,87,79,79,84,90,99,100,95,79,54,43,50,71,84,85,86,90,75,81,184,197,193,141,93,57,69,79,46,132,127,119,110,121,131,100,79,74,78,55,76,107,111,114,113,107,105,109,115,104,109,118,112,99,96,106,98,105,102,98,105,110,117,116,106,113,125,118,120,121,114,106,100,101,116,113,102,103,102,82,81,103,101,109,116,118,108,107,116,104,103,103,110,110,105,98,93,96,107,110,111,110,114,106,101,103,104,105,102,89,78,82,83,90,97,103,106,101,87,86,87,93,104,106,108,107,101,107,104,102,111,109,107,97,104,108,110,165,135,73,89,108,99,99,104,98,91,93,99,106,111,100,106,111,118,116,109,114,109,96,82,80,97,95,112,120,119,102,94,97,108,116,96,97,100,105,107,104,102,123,119,116,123,122,113,97,114,110,114,104,86,81,89,111,100,97,102,103,109,104,98,96,96,98,101,104,106,107,111,115,138,138,125,118,111,129,135,134,124,118,111,123,136,131,122,127,129,124,118,131,115,79,73,82,99,89,84,93,108,107,105,103,102,100,113,118,112,107,106,112,106,103,96,91,95,99,94,89,90,117,126,107,97,93,92,99,84,78,82,73,80,81,78,77,72,76,77,86,82,87,96,99,99,81,73,76,79,72,125,135,144,149
214,87,67,67,71,62,51,62,83,87,81,64,70,80,85,79,74,86,88,72,64,56,69,82,81,72,62,59,79,74,79,79,58,80,84,88,85,91,91,97,87,79,89,88,61,60,74,116,125,151,101,56,46,44,36,50,68,95,97,100,91,88,77,91,95,94,101,94,94,102,92,82,90,83,77,111,94,96,98,106,98,101,83,79,78,70,113,112,119,85,60,66,54,48,37,49,26,88,86,86,90,91,88,66,87,121,102,95,94,77,76,58,69,78,73,92,103,83,62,66,75,82,77,74,77,98,104,105,99,97,75,49,83,80,71,79,82,91,105,116,114,108,99,91,69,79,71,66,75,90,93,86,91,94,103,189,188,195,139,95,58,71,75,36,116,106,118,130,126,120,117,122,100,90,69,69,79,100,104,111,116,110,109,111,102,80,86,97,102,101,99,98,101,109,103,108,112,107,124,115,108,116,102,106,104,93,95,102,109,109,99,86,93,94,76,78,102,98,94,93,101,107,99,105,95,115,110,118,120,108,105,104,107,110,114,114,107,107,105,105,108,102,106,108,99,109,105,104,106,103,104,104,101,99,100,101,102,107,106,105,106,105,107,112,111,106,108,117,106,103,104,111,134,140,115,114,110,92,91,95,89,80,80,87,100,104,103,111,109,108,108,107,105,102,100,89,92,90,87,106,109,112,96,90,93,94,102,114,98,88,96,105,108,128,155,153,159,157,145,125,127,118,119,106,95,95,89,102,116,116,96,88,94,107,103,99,99,106,107,109,110,112,107,105,106,133,129,112,105,116,127,140,135,108,119,125,132,139,135,127,133,139,139,142,135,126,118,113,110,121,107,100,110,120,112,113,109,92,99,119,123,111,101,109,122,107,101,94,94,96,94,94,94,93,105,106,101,103,99,100,108,101,97,93,82,78,98,111,95,80,79,81,83,74,75,71,92,99,88,84,82,76,90,110,106,121,124
215,95,74,74,82,83,79,91,86,74,74,67,66,71,84,92,82,77,75,68,96,80,92,100,91,105,91,83,78,85,78,60,65,49,43,44,64,88,97,115,96,80,88,88,104,119,104,119,132,133,108,79,55,45,38,42,51,86,107,101,91,92,79,86,89,80,86,91,97,108,97,100,100,90,84,112,118,96,97,103,94,98,72,76,85,87,130,123,113,95,72,83,62,46,44,47,40,66,69,73,75,76,75,85,125,123,105,103,98,77,86,77,87,107,82,87,76,72,58,60,74,88,87,88,91,102,122,132,116,86,35,31,64,78,65,70,71,76,89,99,95,81,68,67,48,70,87,89,85,88,103,97,99,102,103,183,191,195,144,108,60,73,86,31,106,120,126,134,118,107,101,118,109,110,86,80,97,110,99,96,109,113,101,100,104,88,71,71,84,95,96,95,100,103,102,113,122,119,127,123,107,89,75,89,91,85,89,94,97,96,90,78,81,88,71,75,101,99,91,89,102,110,96,97,90,96,96,96,103,106,105,104,103,109,115,113,102,92,98,106,113,109,105,102,103,101,95,101,103,104,106,108,110,115,116,113,106,103,98,96,98,105,104,114,114,104,111,111,106,107,108,124,121,134,114,111,120,102,96,104,114,103,105,104,100,105,111,100,96,110,114,111,83,70,101,108,103,79,82,97,115,123,115,110,101,96,98,119,111,93,93,99,112,123,141,152,164,159,144,114,120,112,123,127,118,110,103,119,125,125,102,90,95,96,96,98,104,99,102,107,111,116,117,117,110,114,117,106,94,101,110,115,116,104,108,100,95,101,105,98,91,90,91,92,95,102,107,99,96,116,111,109,116,113,103,111,109,114,124,119,120,104,89,105,124,107,99,93,96,102,94,99,103,103,99,89,92,91,88,90,99,112,104,93,93,100,116,112,105,95,98,105,92,93,81,74,92,91,89,93,90,85,74,92,77,65,70
216,77,85,87,84,105,80,79,75,74,63,73,60,64,71,71,46,23,29,42,92,97,101,89,90,63,70,100,86,57,69,68,84,72,114,66,84,106,107,114,112,126,115,101,112,111,112,123,134,135,118,110,67,59,46,40,38,59,110,130,106,106,95,99,97,82,89,91,98,106,101,121,118,107,97,87,71,65,67,100,108,113,104,93,94,100,135,117,95,89,101,92,67,61,58,52,46,44,63,86,84,69,77,101,91,103,95,105,107,83,86,105,100,108,99,99,99,86,76,70,65,78,88,100,66,51,61,71,80,85,71,64,84,80,68,54,65,67,77,81,97,99,100,107,91,95,91,87,91,102,104,108,106,96,120,179,190,195,156,107,61,50,85,24,90,96,104,106,98,83,94,112,115,115,107,103,109,108,110,101,94,101,112,113,122,100,86,65,59,76,94,89,95,102,100,121,131,122,109,121,129,97,88,88,96,99,113,113,95,87,100,75,76,79,73,74,98,115,126,146,120,80,83,85,83,75,78,83,86,79,80,85,95,106,124,120,100,87,92,118,122,113,114,106,104,112,91,100,122,119,119,116,118,115,119,105,96,90,97,90,90,97,98,102,108,108,103,105,108,112,116,111,102,110,111,120,121,115,111,121,132,133,137,134,121,117,107,89,98,124,125,132,116,93,106,120,109,100,98,101,103,121,126,130,115,107,113,105,101,102,99,96,106,96,99,100,95,94,100,88,95,101,106,123,118,109,106,121,133,117,106,110,97,83,92,103,107,105,113,102,104,134,134,123,118,111,108,102,95,96,102,131,143,102,109,113,111,134,137,127,118,99,92,89,95,104,116,93,104,113,114,115,116,108,102,113,113,109,105,126,125,107,101,120,127,105,113,111,107,110,110,113,113,114,106,96,90,79,87,88,101,111,96,95,96,110,100,93,96,96,89,101,95,97,84,102,123,109,114,114,104,65,67,91,124,119,106
217,88,79,81,63,58,49,33,28,40,65,72,84,82,82,81,68,65,71,52,89,98,99,86,53,42,23,27,57,45,88,92,94,84,111,92,79,95,89,93,98,108,106,103,97,107,102,128,133,147,152,134,72,24,20,22,17,15,100,117,110,100,96,100,93,101,99,88,86,85,85,99,111,107,90,71,70,45,51,99,127,140,101,96,99,110,94,93,88,91,101,99,77,60,60,56,49,50,63,91,96,81,96,106,82,97,103,102,104,92,91,95,102,96,94,95,93,88,83,66,77,100,87,131,86,54,42,41,43,65,73,70,71,62,76,65,75,88,89,94,92,99,109,109,102,103,107,114,104,99,107,95,89,77,138,166,200,192,158,112,53,55,83,27,94,93,95,98,100,108,100,98,109,111,99,91,96,109,113,117,109,108,108,117,125,114,111,109,107,110,102,104,110,96,102,103,106,113,96,107,102,97,94,81,87,83,92,113,107,106,95,103,116,103,102,95,92,114,124,130,123,114,98,87,91,104,120,128,110,107,105,115,117,117,115,102,100,99,102,122,127,112,109,97,94,111,103,101,121,129,112,115,122,122,119,110,109,101,99,104,105,95,104,113,115,116,116,105,110,114,115,120,126,120,107,102,100,104,107,119,122,119,120,121,121,108,101,105,114,121,125,121,121,115,105,106,112,107,97,94,88,103,101,107,108,100,108,105,99,102,93,107,99,100,94,79,64,76,87,85,87,104,98,110,112,108,105,107,103,102,107,114,89,87,106,123,120,111,119,111,112,135,137,130,128,107,102,111,98,89,107,133,123,122,126,116,120,121,130,128,124,119,107,102,114,140,158,110,133,147,163,163,194,183,154,144,116,119,119,113,114,108,112,133,113,81,99,109,108,106,103,83,91,106,111,98,88,86,84,91,98,102,102,105,97,93,89,86,91,89,80,79,95,98,95,102,115,113,114,112,99,66,87,109,152,122,102
218,67,70,68,75,88,95,99,87,77,106,98,103,102,99,101,96,74,83,71,76,62,70,84,74,75,67,61,66,70,74,76,79,94,85,116,85,94,92,95,89,88,94,74,82,115,113,144,145,173,145,95,47,5,7,16,13,18,76,104,102,107,91,111,104,102,96,82,82,103,97,100,104,119,86,91,77,80,89,108,105,157,91,103,104,109,36,48,89,97,120,100,76,65,68,64,52,47,41,79,88,68,78,106,87,88,110,93,71,67,76,63,82,86,93,89,74,69,80,88,87,87,105,102,95,78,78,78,62,74,115,132,130,123,130,133,122,103,93,95,87,96,96,89,99,106,118,126,99,86,99,87,84,73,155,159,216,181,144,107,52,48,68,29,80,91,106,117,111,93,77,94,100,104,96,92,101,100,108,117,114,107,99,107,112,101,97,103,100,101,111,116,116,112,108,87,99,111,112,119,96,93,96,82,92,102,86,100,112,120,110,115,129,125,125,112,94,119,123,116,126,126,110,97,97,104,113,113,97,96,104,119,118,117,112,97,95,101,114,124,111,83,80,73,78,80,84,76,96,98,86,96,94,104,111,115,111,107,102,111,113,100,111,121,120,122,136,124,118,131,123,130,138,118,107,108,115,115,120,132,131,110,110,114,121,116,100,105,117,115,119,102,111,110,111,120,121,119,108,117,116,113,95,86,86,78,89,95,84,73,73,103,94,102,99,94,90,96,103,100,93,100,101,113,105,81,76,79,99,104,97,103,117,132,130,121,106,103,109,109,106,97,105,107,113,120,125,112,95,102,123,140,123,151,131,100,108,99,114,118,113,127,125,119,111,110,151,143,155,132,124,146,141,129,118,122,94,81,80,90,103,110,114,122,100,85,101,107,104,119,94,77,90,110,104,91,94,97,111,100,102,127,125,117,111,101,84,73,85,101,107,99,105,98,104,104,104,121,116,115,103,99,103,107,104,71,51
219,96,81,94,81,79,87,91,99,100,95,107,88,81,82,85,78,68,66,46,64,78,65,64,99,102,75,69,35,53,72,73,73,58,52,84,81,88,75,67,61,63,69,67,62,54,110,148,131,94,62,46,31,25,18,20,21,21,54,95,95,95,92,105,109,93,86,74,80,83,117,106,106,107,94,115,84,101,115,106,100,123,103,98,102,74,28,52,87,105,115,105,79,78,79,71,52,47,28,25,74,86,107,121,117,92,110,116,120,89,78,74,71,62,84,88,72,83,75,68,74,81,90,82,70,60,82,75,62,63,92,104,126,133,135,125,93,61,56,59,85,100,70,62,94,99,87,82,92,92,95,91,85,76,179,155,221,187,127,86,49,41,56,42,64,104,113,111,93,68,73,89,99,103,100,100,103,96,108,101,111,122,118,110,111,120,105,110,111,105,102,109,114,113,111,99,105,118,126,112,112,113,103,92,95,101,91,90,98,117,111,105,99,123,116,104,108,113,103,92,98,109,92,86,103,111,117,120,112,105,127,129,121,121,117,104,104,121,122,114,98,90,88,84,97,100,107,113,137,138,123,105,87,96,97,110,114,114,117,115,116,112,114,117,119,109,108,107,113,124,116,124,119,109,107,113,116,102,99,107,112,105,110,111,107,104,109,105,101,99,106,105,121,121,105,104,116,110,94,104,101,108,90,79,77,76,90,105,89,79,88,80,74,81,82,90,101,97,93,94,97,97,94,103,95,87,81,76,99,114,104,100,115,119,122,118,106,106,111,116,111,94,97,91,90,102,100,88,94,100,106,112,119,126,111,102,88,96,111,110,98,93,97,95,87,92,118,115,123,106,103,106,92,92,82,74,77,63,72,74,76,87,109,103,90,95,100,99,103,97,93,96,118,118,100,94,84,95,111,94,90,95,107,106,104,102,93,87,91,117,129,136,128,129,123,121,99,89,82,86,78,90,91,99,118,106,98
220,86,75,105,91,67,94,74,89,86,57,84,56,54,67,85,94,95,95,80,83,77,71,48,65,79,55,46,51,68,92,87,57,90,103,86,71,90,96,107,70,32,48,76,76,73,106,118,100,75,87,86,80,73,48,41,22,3,36,82,88,77,95,95,103,82,68,62,64,73,125,91,108,117,89,84,82,99,123,91,96,90,85,96,83,109,84,75,91,104,109,101,98,77,75,44,27,32,24,13,30,93,98,110,95,119,120,87,103,103,87,96,82,70,111,115,83,79,71,77,84,88,88,75,63,80,77,59,45,35,51,64,74,50,62,42,71,101,73,73,83,91,66,63,72,95,92,95,97,99,95,105,105,100,189,166,215,199,117,75,50,33,56,61,60,99,95,102,108,118,120,104,94,98,92,84,109,126,128,105,115,128,136,121,126,132,123,121,126,102,115,122,114,99,113,119,107,112,104,114,118,118,96,106,113,114,121,107,102,99,97,109,110,99,95,112,113,96,100,91,109,117,98,108,121,136,135,131,109,123,127,125,124,164,152,118,105,127,123,114,108,123,107,91,91,91,90,91,97,93,84,60,66,102,114,127,115,122,114,111,118,117,116,114,127,121,113,114,118,110,100,113,109,108,114,98,107,106,103,108,115,104,89,93,96,92,111,94,92,100,96,102,105,89,108,125,126,101,98,100,94,87,87,86,86,89,103,103,89,89,88,83,77,84,72,85,94,74,92,98,93,98,97,96,97,102,114,104,91,95,103,89,91,99,110,104,100,101,105,105,103,97,99,109,101,95,113,122,109,108,122,129,144,134,119,117,76,105,107,95,82,74,52,62,66,62,93,97,71,79,92,84,94,89,96,73,76,77,86,77,65,79,102,97,95,106,105,89,84,85,98,97,171,208,161,143,160,158,130,104,81,102,125,105,91,118,120,113,114,116,102,122,108,128,135,108,71,77,84,78,77,76,87,94,95,92,79
221,78,84,87,87,94,97,94,99,105,87,68,72,91,80,88,88,106,88,68,85,81,49,40,42,48,103,78,76,67,109,78,64,64,69,72,46,64,99,111,115,90,81,73,65,70,94,98,103,103,100,85,75,81,69,70,49,7,7,47,80,90,110,88,108,93,60,51,85,107,106,87,97,86,82,79,92,80,102,89,89,104,91,94,94,89,86,91,92,102,88,106,100,69,50,15,13,10,19,22,21,92,96,82,82,82,87,93,90,102,94,85,81,122,92,106,92,67,62,98,77,63,80,92,90,80,78,55,62,83,74,64,72,57,74,78,87,83,65,73,68,78,70,62,74,83,82,83,86,97,108,109,98,103,174,161,203,175,104,75,53,29,48,74,35,99,90,87,87,83,85,73,82,97,89,81,107,148,158,166,175,161,161,154,144,133,139,132,114,95,105,114,111,110,112,112,106,109,99,109,113,111,105,102,104,106,108,110,106,105,101,92,98,96,93,97,105,104,93,91,111,123,118,128,129,116,115,105,89,106,105,115,114,126,127,112,99,94,95,116,115,112,92,87,90,88,93,97,95,79,75,82,89,97,106,118,110,121,121,123,124,115,118,119,130,122,115,116,116,104,106,109,108,102,109,116,124,119,115,115,125,116,100,106,115,128,119,101,104,108,101,111,103,97,117,128,118,95,89,88,79,72,76,82,87,92,101,99,101,90,90,80,75,67,75,79,82,82,91,92,92,94,82,76,86,92,87,85,81,84,93,89,97,93,99,94,104,107,104,95,123,119,100,85,76,82,97,106,97,104,108,105,109,88,87,88,71,82,76,63,52,69,60,78,59,45,76,89,70,85,95,72,83,90,95,80,90,85,94,92,83,92,85,80,87,85,90,87,87,92,92,85,112,150,160,152,177,158,130,115,105,127,117,95,113,121,109,110,114,97,106,114,84,85,72,77,79,94,85,82,84,85,86,74,55,63,63
222,104,116,111,78,60,84,82,73,121,107,76,81,86,87,106,81,96,101,112,106,117,79,102,71,90,87,54,64,70,69,88,103,90,89,86,82,83,101,99,100,84,96,107,84,98,101,86,90,88,89,83,85,87,73,72,70,37,9,32,87,107,115,106,108,75,75,85,93,100,99,102,92,94,82,76,77,71,78,98,108,95,75,68,78,89,106,93,95,106,102,116,90,61,52,37,36,27,11,33,58,64,73,64,77,81,83,82,93,110,92,90,92,112,104,93,97,115,106,77,62,55,80,66,62,47,88,67,64,66,101,95,104,104,115,126,107,89,87,99,95,74,70,93,121,82,104,107,94,100,119,115,95,99,154,156,195,177,106,75,53,31,37,76,20,98,114,94,91,79,86,87,91,92,101,113,148,157,128,120,136,125,112,115,115,113,124,119,113,105,105,104,102,115,121,120,109,103,105,117,105,89,93,119,117,104,95,104,106,88,101,87,87,92,106,116,117,109,112,120,122,122,114,116,121,116,123,117,115,102,103,88,100,122,115,105,98,86,89,99,113,110,95,97,107,96,90,84,83,78,94,96,100,103,107,118,117,108,107,101,94,107,111,107,104,101,97,101,99,100,111,107,107,110,106,114,106,106,122,124,116,103,99,111,109,121,122,131,131,121,113,119,110,107,125,134,123,107,103,103,95,97,96,94,93,99,96,91,89,98,88,102,109,75,64,77,93,88,92,87,87,98,90,90,104,90,79,84,89,97,100,98,102,96,110,109,111,117,119,100,116,119,112,99,95,89,97,102,99,79,73,68,67,70,78,93,100,98,78,71,81,86,78,91,80,81,84,85,73,73,76,47,51,81,83,78,95,86,92,98,92,94,89,99,98,84,75,76,89,91,138,178,158,182,169,125,94,94,73,77,80,94,91,87,87,90,97,90,101,102,94,81,74,81,70,61,57,77,79,87,75,70,90,75,87,103,89
223,61,87,88,72,92,107,85,80,92,106,109,99,93,108,128,85,101,92,110,103,112,108,113,78,76,92,100,87,89,98,126,128,96,85,92,102,94,118,105,89,90,78,95,71,96,92,91,84,70,83,89,92,91,82,78,79,74,45,32,68,105,97,100,92,90,86,89,91,85,87,109,81,94,80,71,94,104,69,78,87,85,73,69,87,99,108,100,99,108,127,94,82,75,73,72,67,62,31,8,65,60,70,98,94,87,99,83,78,104,103,103,107,95,76,110,80,124,85,38,53,56,50,62,78,80,79,99,100,95,103,87,97,108,112,113,95,87,88,75,86,112,99,92,110,86,93,84,91,96,102,104,88,102,155,153,189,148,75,57,57,44,30,56,34,70,95,102,102,111,93,100,96,98,110,105,106,104,114,131,140,112,112,115,110,111,118,101,97,97,92,91,96,114,112,110,112,100,103,122,123,111,77,80,112,107,72,64,67,56,71,78,92,94,94,103,96,85,104,107,104,115,114,112,111,120,128,114,105,108,112,109,116,104,111,124,117,119,107,102,100,116,110,89,94,95,95,90,80,79,90,90,95,86,84,95,101,110,100,89,86,84,95,93,85,88,90,101,101,102,108,108,107,110,103,99,93,105,134,136,124,111,97,101,106,105,123,134,128,114,111,104,108,116,122,121,114,96,98,107,108,97,106,122,135,132,123,134,107,82,90,108,133,136,112,98,94,101,109,104,94,94,101,101,90,83,87,91,98,105,103,102,104,93,103,96,98,104,110,106,106,116,106,90,96,103,102,100,97,105,89,84,79,80,72,88,86,80,71,74,66,66,73,74,85,71,72,77,60,56,62,63,69,80,75,75,95,88,89,98,91,90,97,105,97,94,84,82,78,71,73,78,81,82,74,74,89,86,72,79,70,70,82,104,99,107,120,107,102,78,67,67,70,82,65,63,57,54,73,80,71,69,81,81,82,84,77
224,96,83,105,110,119,106,97,84,75,89,78,86,115,101,95,102,77,120,90,95,86,89,94,99,104,114,110,147,134,107,81,102,86,101,92,88,117,120,123,106,104,88,109,86,102,90,80,66,83,89,90,96,83,87,73,74,74,61,61,43,72,88,94,89,79,64,59,86,96,88,85,62,65,81,75,72,89,56,64,75,59,84,90,109,81,74,105,110,126,115,81,87,84,84,81,75,75,69,33,41,74,65,92,84,100,102,86,92,99,103,95,91,101,97,102,98,97,82,68,91,72,62,93,107,122,98,88,93,78,78,74,90,96,102,99,84,87,90,76,83,108,108,88,83,88,89,84,86,91,83,82,74,138,157,157,171,139,79,54,62,46,34,53,60,86,90,103,90,90,90,95,85,89,101,101,101,114,104,109,114,114,113,114,119,107,107,105,99,92,95,87,82,93,94,85,81,90,94,103,114,110,103,82,49,77,80,82,52,70,85,85,88,93,100,126,116,79,83,85,83,94,102,98,80,52,55,57,58,95,102,90,89,77,53,88,124,85,78,106,124,122,113,73,59,91,90,118,139,127,125,106,100,109,120,118,120,112,99,88,90,91,89,98,93,80,82,102,107,88,89,100,102,97,109,91,104,133,125,112,101,101,92,93,103,110,116,114,100,98,108,94,110,100,121,133,118,97,87,90,90,82,97,106,112,115,110,114,104,96,108,106,113,133,141,115,98,111,123,112,106,95,102,96,98,112,100,109,108,110,100,101,94,80,71,48,43,54,64,75,77,79,75,78,91,109,112,105,86,86,93,84,80,77,75,79,74,61,62,89,73,50,52,66,63,31,54,69,54,34,43,58,59,76,61,85,77,82,84,92,79,83,102,97,97,107,107,95,72,62,67,84,67,74,69,68,74,84,76,84,88,101,94,98,90,93,103,93,73,68,86,60,50,72,53,44,51,58,72,57,64,66,84,81,81,76,81
225,121,120,107,96,85,105,70,68,54,48,60,81,124,87,86,92,95,102,98,85,71,80,110,112,96,97,108,100,89,85,83,92,104,90,93,89,117,103,91,123,99,119,103,85,127,99,85,98,89,84,81,86,85,72,82,69,65,67,64,55,32,49,73,70,44,43,52,82,85,63,56,47,44,42,32,44,43,60,49,57,65,85,82,89,83,67,75,94,98,90,88,82,80,83,84,81,78,71,68,48,81,79,73,80,75,71,77,81,117,98,76,74,84,82,83,81,82,79,72,82,82,66,68,55,70,71,68,73,65,69,69,77,70,72,74,75,70,87,83,75,87,89,86,66,66,73,68,61,82,78,79,93,115,98,160,170,118,64,46,56,42,36,43,61,91,94,93,98,88,89,88,76,79,65,75,94,95,94,106,115,108,107,99,87,72,77,83,84,82,92,97,106,87,91,88,88,89,92,90,82,76,75,60,53,78,88,83,77,93,86,94,95,90,96,93,90,81,88,91,89,85,90,94,94,108,102,93,86,92,78,97,108,100,91,115,125,70,89,109,113,103,90,90,66,66,79,108,108,103,102,111,119,112,120,121,122,116,106,96,93,91,101,116,113,102,97,103,95,86,95,92,99,113,105,103,91,88,75,80,90,94,90,79,90,111,106,107,118,108,91,100,118,98,114,129,129,111,97,78,78,88,98,102,105,113,99,92,88,89,95,102,95,91,95,91,83,94,106,99,98,87,83,93,109,114,97,92,81,80,92,91,79,77,77,80,78,71,90,101,87,68,70,75,79,83,80,66,46,65,82,94,98,99,92,89,78,78,82,90,80,72,70,63,74,62,71,57,47,58,50,53,67,57,53,73,82,82,81,85,79,71,93,94,99,100,111,107,83,72,70,70,80,74,71,71,76,85,92,76,93,100,108,119,104,92,89,80,83,86,81,63,65,77,66,80,79,62,72,71,66,50,67,73,59,48,66
226,103,105,95,152,101,137,139,75,86,111,99,115,135,112,114,109,96,71,124,159,118,88,92,100,105,95,99,104,106,105,115,101,121,112,124,97,114,101,92,109,103,90,84,85,117,121,104,108,102,103,79,88,83,83,97,102,79,78,89,69,54,67,79,56,75,89,91,102,75,53,51,55,71,87,60,74,70,64,65,67,62,76,78,91,76,71,71,95,81,90,90,86,79,83,87,87,85,81,78,62,62,85,65,60,56,73,72,68,51,62,77,68,72,62,54,65,66,71,69,61,65,59,62,53,46,45,38,55,63,63,68,71,64,56,48,49,51,60,61,59,75,51,55,62,57,67,63,54,53,56,61,100,35,75,177,170,91,45,35,45,39,39,35,56,83,83,60,61,79,84,76,64,76,71,60,65,83,85,84,84,87,92,93,83,86,86,83,76,79,94,104,116,87,86,73,67,78,84,85,76,44,28,54,74,79,83,90,80,78,88,100,99,83,87,60,62,47,62,76,78,75,73,74,78,79,93,81,83,94,90,93,82,78,82,88,78,68,85,84,83,88,88,96,71,75,81,92,90,98,93,102,107,114,113,110,104,100,94,80,67,76,94,109,111,118,103,107,111,94,105,103,138,147,96,94,97,91,87,93,92,87,96,85,85,88,91,98,107,100,88,98,115,123,110,99,104,95,100,91,88,98,102,100,103,110,113,113,109,98,83,93,95,85,79,83,72,75,85,80,84,74,64,77,96,99,89,82,73,70,80,77,78,96,100,112,106,94,96,96,94,88,91,94,94,94,82,75,82,81,91,103,103,98,97,104,103,104,104,100,104,109,84,77,87,95,95,77,90,83,91,86,75,61,59,63,74,73,61,54,67,74,73,85,81,85,92,93,82,69,73,89,73,82,76,76,86,109,115,95,73,78,93,84,91,99,103,98,96,91,81,80,93,80,88,109,80,100,97,68,64,56,78,99,90,93,82
227,95,85,94,92,93,112,99,83,100,95,104,119,89,99,83,88,95,82,107,112,155,100,118,104,102,97,107,123,108,74,93,105,92,85,83,102,113,77,93,82,84,80,88,107,84,108,95,84,107,91,74,86,70,74,82,92,89,94,93,82,71,90,73,73,71,63,86,98,88,76,75,61,81,108,99,79,66,73,73,70,91,85,75,93,88,82,81,79,92,90,90,80,84,87,89,87,90,80,72,70,61,86,85,63,45,55,54,56,63,63,70,54,57,62,55,56,67,68,61,44,55,47,49,54,49,41,45,61,41,30,34,42,59,56,52,50,54,54,60,64,70,57,61,67,57,62,60,61,69,72,64,59,36,100,200,159,77,35,28,34,41,40,38,46,57,71,69,64,60,74,69,63,76,71,62,58,71,83,84,85,91,88,84,79,73,73,71,65,70,82,79,70,71,73,65,63,78,76,72,68,65,38,58,67,62,62,66,63,64,54,64,71,74,78,52,57,30,48,62,61,51,49,47,43,37,47,53,50,68,66,60,54,70,71,63,62,75,86,88,84,72,62,65,52,69,70,68,67,78,80,78,82,81,81,91,92,85,90,91,82,80,83,75,73,77,76,83,71,71,83,75,78,94,69,79,89,93,101,92,93,78,72,68,78,91,94,93,89,89,88,98,101,93,100,105,102,93,94,100,100,94,97,98,107,91,102,104,109,108,92,88,84,77,81,88,85,84,90,82,87,89,86,78,78,83,83,84,85,93,96,102,99,95,100,97,91,96,85,81,93,99,94,92,96,92,89,85,83,87,83,95,103,100,100,107,106,92,82,86,107,101,89,79,72,85,73,65,88,71,84,64,65,65,65,75,78,33,41,40,45,70,76,80,77,76,91,97,79,75,80,82,86,73,91,102,90,93,98,94,80,103,85,80,92,93,107,112,114,92,101,101,95,91,121,121,89,73,66,75,99,65,93,115,129,130,98
228,96,57,77,72,73,67,75,64,88,83,109,84,94,71,122,85,63,71,100,45,58,78,86,82,66,60,77,62,74,76,82,91,82,98,71,84,110,81,64,85,77,81,78,89,76,75,89,83,104,74,113,74,75,69,70,111,101,63,65,84,104,81,83,77,87,98,85,92,101,80,92,82,77,94,93,72,83,71,82,81,83,83,92,92,79,75,88,55,86,70,75,79,86,102,93,92,80,79,80,76,69,51,93,61,40,43,47,63,72,63,68,69,68,66,66,75,98,90,90,71,87,73,90,102,76,99,89,81,116,87,88,98,82,86,74,71,70,70,67,75,87,77,75,88,72,59,69,77,79,69,67,58,69,81,204,146,77,27,31,25,43,35,31,37,47,73,74,76,89,72,64,54,74,80,80,72,69,74,81,75,72,64,65,59,47,51,62,78,68,65,59,62,54,60,64,64,73,67,43,48,63,52,51,52,42,35,18,29,53,38,47,52,54,54,50,46,58,61,65,49,50,46,54,61,56,44,67,59,65,65,74,52,56,54,46,55,69,60,61,78,86,68,66,59,60,65,55,70,62,71,71,70,73,73,81,82,70,70,72,73,72,71,73,78,82,61,61,73,60,52,73,86,74,58,57,71,73,66,73,75,68,70,62,68,84,86,88,86,75,81,87,88,92,95,98,80,90,85,91,90,89,100,86,91,87,95,93,99,100,89,90,78,57,54,63,69,80,81,79,86,61,55,45,48,50,47,36,43,45,78,91,97,85,90,94,95,98,91,104,104,106,104,95,109,117,92,108,103,100,96,94,103,91,100,99,87,74,77,86,98,90,100,63,88,102,60,57,78,65,71,95,96,71,48,88,101,85,105,81,70,61,88,68,70,81,101,88,98,115,100,120,97,92,98,110,100,116,99,97,92,96,94,85,101,103,112,106,114,96,112,106,99,94,106,100,91,84,91,97,125,90,85,122,127,148,85
229,81,67,73,65,84,95,96,80,84,84,66,94,74,95,109,58,95,77,74,60,67,106,76,88,92,99,91,90,102,95,100,98,89,126,90,103,110,93,98,111,91,90,105,87,71,86,111,95,91,80,144,101,84,79,70,91,65,58,60,37,19,41,76,70,95,82,94,88,83,103,88,77,92,71,69,83,91,106,88,89,95,54,79,78,110,101,102,76,79,80,88,88,98,96,70,86,76,74,67,84,80,55,74,78,65,88,124,123,98,89,88,87,84,84,84,81,68,73,73,90,87,94,93,109,111,96,98,86,80,83,90,90,96,100,85,90,79,96,87,88,97,94,100,96,103,76,59,70,89,85,88,86,86,99,197,155,80,34,36,29,51,49,35,35,39,41,87,89,81,81,87,84,77,75,75,78,59,54,62,63,65,62,64,64,55,62,65,59,50,49,53,58,59,48,50,60,65,65,54,61,65,63,64,54,56,60,48,50,67,53,55,57,58,57,54,53,49,52,59,47,57,48,51,58,55,44,40,35,55,71,73,56,47,62,64,54,66,73,74,65,67,75,75,63,60,68,59,60,52,61,52,34,47,49,60,64,63,62,74,79,78,75,73,74,81,72,89,83,68,65,65,67,74,77,67,73,80,82,77,75,76,82,90,84,73,63,63,80,74,63,59,69,82,73,82,77,86,78,79,83,90,96,87,88,91,88,89,87,76,60,75,68,72,80,84,72,89,93,82,70,66,77,69,74,61,62,68,69,87,88,74,80,97,107,112,102,81,81,102,112,105,92,81,97,105,85,92,84,76,86,88,89,91,103,100,91,94,110,94,84,76,94,83,81,113,105,98,107,112,103,110,101,91,105,100,98,111,105,96,100,108,129,114,113,104,95,99,103,106,104,98,99,104,88,91,90,92,109,92,106,102,90,92,91,98,91,62,70,108,95,85,90,61,68,76,97,115,90,94,112,101,95,111,135,119,81
230,68,62,85,81,105,89,74,62,79,61,77,76,79,99,126,101,90,145,76,124,82,88,80,59,80,91,77,99,74,75,82,71,61,68,68,73,78,116,97,127,125,99,101,95,104,100,101,75,101,76,82,90,113,95,108,56,78,77,75,61,70,95,73,63,79,89,82,60,77,55,71,111,86,113,122,94,89,105,150,126,88,62,116,97,95,78,73,88,102,113,102,109,124,98,129,104,81,90,83,92,101,101,74,90,93,70,76,94,80,80,79,84,90,90,88,78,85,91,79,83,82,103,119,115,135,105,82,91,94,112,107,97,83,96,78,96,72,88,98,79,82,100,96,98,93,78,74,85,85,94,93,78,70,122,184,166,101,57,45,32,58,57,43,39,46,0,51,66,77,83,82,78,82,89,93,90,85,70,75,73,75,77,78,85,65,65,64,63,72,64,64,58,46,60,62,70,64,69,72,78,85,72,63,56,55,70,65,60,67,60,62,67,66,64,63,66,66,67,73,66,53,55,61,56,54,67,62,62,65,71,63,66,48,44,49,55,62,53,51,61,60,55,67,63,44,43,46,66,60,58,49,50,60,60,65,65,61,55,68,71,66,61,56,55,61,71,69,69,74,76,71,68,69,85,66,65,70,81,78,77,78,73,81,82,77,87,91,82,83,75,68,70,80,67,77,85,76,77,81,90,91,87,86,83,91,87,93,88,85,84,82,76,79,91,86,68,76,74,63,61,77,94,92,96,88,81,91,96,97,99,98,107,101,99,97,98,100,93,93,95,100,107,78,79,86,78,78,73,81,83,101,91,73,97,95,86,90,96,101,111,102,101,86,60,78,103,101,109,85,109,115,100,83,110,102,95,97,106,128,102,111,109,91,88,96,82,93,116,91,103,96,95,95,112,109,92,91,97,101,102,113,86,102,107,142,142,105,87,84,73,100,98,67,82,98,112,86,97,92,94,87,86,84,88,92,92
231,112,110,81,83,94,90,89,92,98,90,94,101,98,98,88,71,70,67,58,71,75,98,101,104,116,87,80,91,69,97,98,81,67,64,83,69,67,123,82,68,79,101,108,100,116,123,77,102,94,82,78,76,58,48,92,104,53,69,82,86,89,76,85,94,78,66,75,59,85,63,68,52,63,89,101,95,99,114,102,99,108,80,93,107,87,71,76,96,122,123,122,84,100,100,104,85,70,79,87,88,108,101,83,107,103,103,112,127,98,101,98,103,101,103,91,91,85,68,81,82,80,80,81,129,130,93,83,92,75,93,97,87,91,90,89,105,107,98,93,84,86,89,95,98,108,116,90,89,108,105,91,88,102,174,170,181,121,85,76,66,54,46,53,50,47,8,38,75,87,90,84,91,80,84,84,80,67,58,77,74,84,89,85,93,87,88,84,76,73,67,77,71,68,58,83,79,69,74,80,77,81,74,73,70,70,80,69,61,69,66,63,68,66,61,62,70,69,66,68,60,72,61,60,59,65,70,65,77,70,68,69,73,68,58,57,52,59,54,53,58,67,59,56,69,72,60,53,58,63,59,50,56,57,56,62,61,24,23,58,75,70,67,64,64,60,72,59,59,60,56,63,57,53,68,66,79,76,79,85,78,69,67,59,57,70,62,62,77,82,73,67,70,71,74,74,83,71,85,86,85,90,78,85,77,88,95,91,82,76,69,74,68,83,73,41,25,52,56,53,56,82,81,87,84,83,90,85,73,82,83,90,98,94,93,94,98,106,100,95,99,101,94,79,85,78,86,88,92,69,80,86,80,77,80,64,79,82,88,85,87,105,110,92,58,47,89,102,104,115,105,110,77,62,85,95,101,100,111,118,105,109,111,105,82,109,92,108,125,102,85,109,93,81,78,79,63,76,94,98,100,91,79,98,97,120,116,110,106,105,113,86,88,96,90,111,88,88,94,143,152,108,109,119,85,78,105
232,91,74,106,114,100,92,103,109,106,99,76,82,87,81,81,93,77,77,94,104,109,107,104,102,82,73,96,91,86,81,46,48,50,59,65,85,82,73,86,87,69,100,82,102,78,87,66,90,106,67,49,70,53,86,56,74,80,113,62,77,108,59,56,69,75,83,125,86,95,81,78,79,86,93,90,81,105,57,73,80,84,73,80,76,76,85,69,74,69,66,58,71,87,69,92,89,95,103,107,84,114,109,95,118,97,100,103,99,109,104,82,92,97,92,100,78,107,69,93,85,86,86,92,79,131,113,83,71,83,89,99,91,119,112,78,84,84,82,123,87,98,76,97,108,125,83,74,83,80,82,87,87,89,120,175,184,154,117,110,100,57,40,63,66,53,34,44,93,99,78,87,119,110,112,106,89,89,91,99,96,83,91,93,88,66,66,78,73,78,87,94,89,84,77,89,100,111,89,96,104,80,82,95,91,89,89,85,86,87,74,80,84,81,79,74,83,72,60,57,59,58,59,61,65,66,65,77,73,66,61,69,62,67,61,67,64,62,61,56,72,72,50,55,57,60,43,60,59,62,73,61,64,51,43,51,63,54,71,66,69,55,56,56,62,65,68,57,45,47,57,69,68,52,59,59,65,74,75,73,68,63,68,65,73,75,68,74,83,60,70,70,63,57,59,56,60,66,73,64,72,77,66,61,69,69,70,68,63,69,85,89,81,78,74,53,41,37,49,78,70,67,80,78,76,68,76,77,75,81,83,96,95,92,76,83,85,83,92,84,113,105,108,100,97,91,98,92,122,95,107,89,96,98,91,76,95,103,139,104,95,108,115,114,127,111,99,90,107,100,114,132,104,83,90,105,111,103,91,102,104,93,94,62,81,80,64,102,94,92,84,96,58,68,70,86,69,71,96,101,110,114,120,136,99,89,104,80,96,97,83,98,104,94,94,89,126,69,84,114,82,99,93,100,72,104,111
233,69,73,48,88,81,106,71,60,89,96,105,85,107,97,118,98,113,99,94,99,148,108,99,86,93,95,116,96,92,82,89,94,94,83,87,76,75,85,124,92,83,83,53,89,74,87,67,73,81,54,83,86,132,82,55,86,79,70,83,59,92,67,72,71,98,96,88,79,84,78,101,90,81,89,98,78,85,86,76,71,64,63,68,66,84,81,70,68,119,75,98,102,89,86,79,93,82,99,124,95,90,122,118,104,90,92,108,104,94,104,91,82,76,78,87,89,88,100,93,77,96,64,93,105,120,67,64,91,106,104,82,112,87,81,71,91,82,75,52,80,84,59,62,68,90,99,81,90,74,71,77,86,91,72,178,179,152,118,120,102,61,47,67,81,49,43,33,57,97,96,104,107,107,85,80,77,81,96,97,101,104,79,100,100,109,92,96,96,100,70,68,77,77,81,81,84,85,84,79,80,74,52,47,61,79,63,72,93,69,48,72,83,72,76,78,96,77,78,82,75,53,58,66,72,53,61,69,95,82,63,61,68,63,60,65,66,73,58,70,75,56,57,54,52,61,55,61,64,58,60,58,55,51,86,93,64,73,63,51,45,45,50,63,61,60,62,68,68,61,43,65,57,32,36,41,53,80,80,76,70,68,78,94,73,54,60,64,69,61,66,73,71,65,74,72,69,66,71,63,66,78,72,67,66,64,66,66,63,58,72,75,72,73,71,67,80,71,59,68,80,87,84,80,67,62,62,66,76,74,82,82,90,81,79,83,87,85,92,64,90,81,94,78,78,96,103,97,97,107,116,89,92,94,96,87,92,133,118,110,100,101,97,101,100,86,88,85,111,91,97,104,101,101,100,103,93,92,85,106,117,97,78,81,82,60,46,61,67,65,98,86,79,70,79,78,63,76,96,75,83,105,129,101,113,94,105,88,99,88,88,96,101,108,96,95,93,87,86,84,93,92,98,104,85,108,121
234,92,90,105,82,88,75,61,49,35,76,102,87,102,88,80,79,96,88,69,105,114,84,68,84,103,95,103,97,84,87,99,115,100,88,94,95,111,102,102,77,89,84,107,77,125,62,64,82,79,93,85,88,96,118,111,99,80,85,91,90,79,74,66,101,95,75,92,92,108,78,87,100,96,104,86,76,75,88,96,85,104,82,94,86,76,89,88,72,94,97,105,85,103,91,93,72,83,94,96,105,90,88,108,108,92,75,72,78,78,86,80,81,61,69,89,82,98,130,110,69,70,81,73,86,87,79,94,144,111,99,87,105,75,78,88,98,84,57,71,81,90,57,59,77,93,82,98,95,70,61,72,104,80,13,191,159,159,112,104,86,71,44,73,95,61,48,47,58,99,104,105,100,88,92,87,94,110,110,84,96,110,105,98,111,101,86,82,86,82,87,86,95,93,84,75,98,112,120,126,108,110,107,103,104,110,82,84,98,96,88,97,92,83,81,73,83,83,83,80,63,58,66,75,78,81,75,77,79,56,67,59,51,60,59,58,64,63,63,64,62,66,57,55,60,66,68,60,60,53,54,58,59,58,73,107,124,108,75,48,40,28,46,53,53,68,65,63,62,67,71,83,63,55,62,70,65,64,65,63,58,66,73,84,64,41,50,62,70,79,79,79,75,59,70,69,62,61,67,68,70,71,72,74,76,67,71,75,75,65,70,67,67,78,70,62,80,85,75,73,79,70,72,86,85,90,75,73,82,91,82,82,86,93,81,71,82,99,85,97,100,82,90,98,95,73,71,80,96,132,88,89,86,77,98,115,116,119,99,98,91,92,105,95,89,101,104,98,91,92,98,97,93,97,90,103,100,105,108,95,95,79,89,101,93,97,100,93,78,69,97,100,93,122,127,110,104,108,112,126,103,101,110,138,107,110,113,86,110,113,81,81,90,79,93,85,100,116,103,102,112,85,70,61,94,102,113
235,84,78,80,54,56,62,75,104,88,93,81,71,89,83,78,65,64,63,64,58,78,96,87,93,82,102,80,77,78,75,84,83,98,36,46,69,74,61,93,89,105,99,75,67,92,84,85,73,97,82,83,88,86,75,89,67,74,72,73,78,83,86,93,89,89,83,81,89,92,80,58,79,72,74,73,80,105,89,101,89,101,82,86,86,96,97,79,71,83,88,65,65,73,78,101,91,82,93,93,115,94,79,97,106,63,78,72,76,103,70,82,57,54,67,94,61,71,97,104,93,88,73,93,89,99,100,104,73,85,62,78,103,91,114,103,109,121,112,58,75,79,89,88,77,77,85,116,92,66,74,89,95,92,71,176,167,126,98,120,112,76,65,79,104,81,42,80,50,70,85,86,82,91,89,95,108,96,99,88,104,104,81,64,91,72,90,82,86,89,85,66,65,83,86,89,79,94,101,89,96,102,102,93,97,93,91,91,90,92,99,84,74,104,98,86,93,97,83,79,82,77,82,84,77,70,68,67,65,37,41,78,72,61,59,49,54,65,64,58,55,51,57,55,54,52,56,61,58,59,63,53,61,46,36,29,54,81,116,103,64,73,59,68,72,59,68,57,64,62,69,70,63,62,54,60,61,55,60,63,63,65,76,73,68,60,41,50,53,60,70,57,59,80,78,62,51,59,60,61,55,64,59,59,69,60,68,79,85,59,63,66,79,80,75,66,79,75,78,75,70,63,75,82,84,101,71,71,65,74,77,85,87,85,74,79,82,74,84,91,97,79,79,84,85,72,60,64,93,107,90,92,104,98,92,91,90,107,96,93,91,93,84,99,94,97,94,85,106,107,106,117,115,109,85,94,101,102,98,93,92,95,91,99,93,106,104,98,95,77,87,110,100,71,85,72,70,96,93,98,91,72,80,94,89,112,96,91,107,104,85,79,92,80,89,87,83,103,109,115,98,101,101,96,111,89,100
236,60,63,70,79,47,73,71,89,110,64,64,55,52,56,52,23,74,50,47,25,23,41,54,44,42,25,30,35,77,98,92,83,88,93,93,92,76,42,77,93,156,89,77,72,89,68,72,52,78,90,96,67,72,95,71,74,78,74,84,88,102,84,86,97,54,78,73,89,96,57,52,84,86,102,74,65,71,59,142,118,74,114,107,99,56,63,70,80,85,88,87,79,74,110,98,96,108,82,123,86,66,76,74,96,72,88,84,79,109,94,101,85,123,84,67,97,111,115,100,85,115,102,75,103,99,96,103,83,78,100,73,79,79,51,40,92,90,75,61,61,96,93,68,51,60,90,74,90,81,62,87,73,60,133,169,151,141,114,73,37,37,77,57,72,43,37,63,61,43,77,80,87,76,96,103,110,88,90,81,72,78,103,79,109,108,79,69,79,77,91,92,95,92,93,90,96,80,81,65,61,81,84,83,74,79,82,92,87,89,78,85,84,84,88,103,83,91,77,86,82,79,71,75,87,79,78,56,55,76,53,38,55,45,49,50,47,61,55,52,59,59,61,53,50,57,51,46,62,68,68,63,80,47,46,56,54,46,48,76,81,78,47,72,70,70,90,63,61,52,55,61,66,59,60,62,62,52,57,54,64,77,65,82,73,64,60,60,54,73,70,65,63,71,68,90,78,66,67,61,46,45,58,56,56,59,71,70,71,63,53,55,64,84,74,63,76,67,58,69,52,60,81,91,67,70,93,63,94,81,73,63,66,64,69,84,69,77,74,61,55,64,74,70,74,69,72,68,75,72,79,76,89,96,95,99,58,67,63,62,67,76,88,95,91,88,84,96,87,96,98,93,97,87,65,98,103,110,100,92,99,100,94,95,101,115,104,117,112,108,116,133,104,117,91,92,66,81,78,81,81,73,87,85,98,100,91,91,90,82,64,78,73,83,80,70,117,101,106,87,84,82,77,89,81,87,93
237,95,110,106,72,75,70,85,78,49,69,78,46,42,36,76,70,38,20,31,27,3,7,33,36,33,42,62,24,27,74,98,91,91,62,48,28,23,25,64,42,76,77,66,85,87,89,88,68,57,63,67,116,98,57,67,100,116,107,58,79,64,96,97,77,90,85,86,70,67,78,125,108,98,80,88,101,94,64,81,144,174,145,140,110,86,101,121,130,103,96,82,71,63,72,77,93,80,78,118,57,46,52,41,64,80,88,90,83,69,80,60,69,58,65,80,86,63,92,93,91,92,85,89,91,88,95,102,60,64,60,81,48,106,91,65,87,105,38,83,72,49,86,81,81,65,55,68,58,52,51,77,70,134,174,159,112,108,91,66,31,27,42,24,49,40,34,56,67,52,56,89,91,100,80,82,85,82,116,106,89,59,60,63,74,83,68,48,64,82,101,90,95,104,100,88,88,101,94,84,85,85,83,89,89,88,94,115,71,66,84,73,73,86,78,70,66,42,35,46,54,24,38,46,67,53,54,55,60,60,48,54,48,41,61,48,54,61,53,39,31,39,34,64,63,46,59,64,65,68,56,50,50,54,53,47,50,48,53,61,66,61,47,52,59,62,56,37,50,61,62,61,57,46,45,51,48,43,55,61,61,56,61,85,63,55,60,65,66,59,63,80,68,50,51,62,52,56,51,66,53,58,62,72,73,56,70,76,78,72,74,77,81,83,60,45,77,60,70,77,66,73,74,73,67,71,60,62,65,69,66,53,28,39,66,63,57,65,65,53,47,45,64,65,64,65,70,68,72,64,54,68,66,74,77,67,66,59,61,67,76,92,92,77,73,91,89,88,83,90,106,98,86,86,82,82,97,107,103,99,101,81,85,93,90,89,93,91,101,90,90,89,88,96,94,84,85,119,99,98,94,98,80,76,97,91,101,92,85,67,94,72,76,69,77,75,81,85,87,78,69,109,69,81,113,95,93
238,90,119,94,87,115,75,47,56,51,63,53,62,81,84,52,85,44,40,19,8,1,1,0,16,27,33,59,45,41,35,42,67,80,90,68,62,81,78,88,86,79,98,85,115,45,76,74,81,86,72,69,84,108,103,99,79,79,100,95,107,104,74,102,55,102,101,74,84,88,98,95,95,47,62,78,97,58,73,74,101,138,55,78,104,147,171,132,65,84,129,155,164,180,161,119,85,76,91,93,49,55,73,79,80,83,135,79,101,69,64,97,81,99,96,46,76,66,72,73,75,93,90,89,86,60,75,83,56,57,66,75,46,41,77,81,77,71,102,77,99,95,89,70,100,118,121,94,68,101,99,85,78,175,169,123,114,118,106,101,74,49,24,13,26,31,26,32,46,44,39,65,85,82,87,60,47,47,49,44,51,49,58,64,57,62,50,54,72,78,96,85,91,82,66,82,79,77,77,55,20,18,40,90,101,105,95,88,86,94,92,86,106,93,72,60,88,79,51,28,18,46,62,58,62,75,63,59,65,40,50,51,57,68,79,59,78,80,59,60,48,62,51,67,75,57,53,46,55,74,61,60,53,65,71,57,47,46,52,54,60,41,46,66,59,50,47,46,54,57,52,50,52,42,57,49,45,41,43,55,67,82,67,79,57,46,64,71,73,61,68,69,59,79,67,71,58,53,48,48,47,49,69,60,55,67,62,65,72,80,80,74,84,82,74,73,33,55,72,71,62,72,70,64,51,57,59,47,47,59,55,59,52,45,62,64,59,60,68,67,66,75,72,84,71,69,63,56,71,64,55,65,82,70,80,67,73,85,81,74,67,88,83,89,86,65,81,85,75,74,67,78,88,95,92,79,79,83,90,93,88,81,83,89,86,89,92,72,77,85,87,84,70,97,105,100,96,111,106,83,82,100,98,65,92,86,111,69,79,79,58,79,80,66,82,75,85,89,100,83,84,101,86,85,85,71,103
239,51,48,49,61,85,78,69,40,54,79,83,73,81,57,21,37,5,6,13,10,8,22,17,6,21,22,31,43,36,54,46,49,44,52,60,74,75,72,64,67,70,72,82,99,83,88,107,75,67,66,119,71,93,93,60,55,67,67,84,81,70,72,94,80,114,93,117,90,66,88,86,93,66,89,81,83,113,94,65,95,66,92,29,30,63,51,68,55,49,70,76,75,65,99,129,100,36,62,84,75,99,74,77,91,66,90,87,71,38,48,68,67,71,97,86,121,89,77,79,111,85,73,98,84,57,52,86,80,96,94,92,89,89,87,79,79,95,113,84,115,80,96,105,97,66,38,76,120,97,92,96,56,121,113,127,130,122,103,106,92,74,41,20,17,79,74,52,46,40,51,55,61,60,25,37,28,32,35,26,35,47,46,46,43,31,40,57,66,59,82,72,81,80,56,45,38,15,57,56,42,18,9,8,37,72,76,70,65,77,82,86,85,68,72,75,51,71,68,72,67,58,66,67,59,45,58,62,69,105,98,73,69,78,78,75,62,61,62,53,57,69,58,57,58,47,54,54,54,76,75,66,65,69,63,64,69,63,57,62,55,63,62,59,59,75,67,54,68,49,46,45,47,56,65,72,65,64,57,61,61,55,68,73,70,57,65,59,71,73,68,76,61,68,76,66,67,72,73,77,66,68,76,58,66,63,59,63,56,60,73,70,75,108,68,75,45,56,62,63,58,73,58,45,45,64,69,58,58,67,54,62,61,58,62,65,58,62,71,67,60,56,54,60,56,59,62,59,66,55,58,70,57,73,66,71,71,72,68,57,43,52,69,68,67,78,80,91,84,78,66,84,77,92,88,79,98,84,96,97,80,69,71,78,79,88,81,84,82,84,117,96,91,96,100,108,90,82,96,83,97,85,80,104,82,60,103,89,67,72,83,79,87,78,74,82,81,98,87,71,31,73,66,71,78,75,78
